                                kicad schematic
                                AC Analysis  Tue Oct 14 19:02:42  2025
--------------------------------------------------------------------------------
Index   frequency       v1#branch                       
--------------------------------------------------------------------------------
0	1.000000e+01	-7.60588e-17,	-4.10514e-13	
1	1.047129e+01	-8.34000e-17,	-4.29861e-13	
2	1.096478e+01	-9.14501e-17,	-4.50120e-13	
3	1.148154e+01	-1.00278e-16,	-4.71333e-13	
4	1.202264e+01	-1.09958e-16,	-4.93546e-13	
5	1.258925e+01	-1.20573e-16,	-5.16806e-13	
6	1.318257e+01	-1.32213e-16,	-5.41163e-13	
7	1.380384e+01	-1.44978e-16,	-5.66667e-13	
8	1.445440e+01	-1.58977e-16,	-5.93373e-13	
9	1.513561e+01	-1.74328e-16,	-6.21338e-13	
10	1.584893e+01	-1.91163e-16,	-6.50621e-13	
11	1.659587e+01	-2.09625e-16,	-6.81283e-13	
12	1.737801e+01	-2.29873e-16,	-7.13391e-13	
13	1.819701e+01	-2.52078e-16,	-7.47012e-13	
14	1.905461e+01	-2.76430e-16,	-7.82218e-13	
15	1.995262e+01	-3.03139e-16,	-8.19083e-13	
16	2.089296e+01	-3.32431e-16,	-8.57685e-13	
17	2.187762e+01	-3.64558e-16,	-8.98106e-13	
18	2.290868e+01	-3.99796e-16,	-9.40433e-13	
19	2.398833e+01	-4.38445e-16,	-9.84754e-13	
20	2.511886e+01	-4.80837e-16,	-1.03116e-12	
21	2.630268e+01	-5.27336e-16,	-1.07976e-12	
22	2.754229e+01	-5.78341e-16,	-1.13065e-12	
23	2.884032e+01	-6.34291e-16,	-1.18393e-12	
24	3.019952e+01	-6.95665e-16,	-1.23973e-12	
25	3.162278e+01	-7.62992e-16,	-1.29816e-12	
26	3.311311e+01	-8.36851e-16,	-1.35934e-12	
27	3.467369e+01	-9.17879e-16,	-1.42340e-12	
28	3.630781e+01	-1.00677e-15,	-1.49048e-12	
29	3.801894e+01	-1.10430e-15,	-1.56073e-12	
30	3.981072e+01	-1.21130e-15,	-1.63428e-12	
31	4.168694e+01	-1.32870e-15,	-1.71130e-12	
32	4.365158e+01	-1.45751e-15,	-1.79195e-12	
33	4.570882e+01	-1.59884e-15,	-1.87640e-12	
34	4.786301e+01	-1.75391e-15,	-1.96484e-12	
35	5.011872e+01	-1.92407e-15,	-2.05743e-12	
36	5.248075e+01	-2.11078e-15,	-2.15440e-12	
37	5.495409e+01	-2.31564e-15,	-2.25593e-12	
38	5.754399e+01	-2.54044e-15,	-2.36224e-12	
39	6.025596e+01	-2.78711e-15,	-2.47357e-12	
40	6.309573e+01	-3.05777e-15,	-2.59014e-12	
41	6.606934e+01	-3.35475e-15,	-2.71221e-12	
42	6.918310e+01	-3.68061e-15,	-2.84003e-12	
43	7.244360e+01	-4.03814e-15,	-2.97387e-12	
44	7.585776e+01	-4.43042e-15,	-3.11401e-12	
45	7.943282e+01	-4.86080e-15,	-3.26076e-12	
46	8.317638e+01	-5.33297e-15,	-3.41443e-12	
47	8.709636e+01	-5.85097e-15,	-3.57533e-12	
48	9.120108e+01	-6.41920e-15,	-3.74382e-12	
49	9.549926e+01	-7.04252e-15,	-3.92024e-12	
50	1.000000e+02	-7.72622e-15,	-4.10498e-12	
51	1.047129e+02	-8.47610e-15,	-4.29842e-12	
52	1.096478e+02	-9.29852e-15,	-4.50097e-12	
53	1.148154e+02	-1.02004e-14,	-4.71306e-12	
54	1.202264e+02	-1.11895e-14,	-4.93514e-12	

Index   frequency       v1#branch                       
--------------------------------------------------------------------------------
55	1.258925e+02	-1.22739e-14,	-5.16769e-12	
56	1.318257e+02	-1.34630e-14,	-5.41118e-12	
57	1.380384e+02	-1.47666e-14,	-5.66615e-12	
58	1.445440e+02	-1.61958e-14,	-5.93312e-12	
59	1.513561e+02	-1.77623e-14,	-6.21266e-12	
60	1.584893e+02	-1.94795e-14,	-6.50536e-12	
61	1.659587e+02	-2.13615e-14,	-6.81185e-12	
62	1.737801e+02	-2.34240e-14,	-7.13276e-12	
63	1.819701e+02	-2.56841e-14,	-7.46878e-12	
64	1.905461e+02	-2.81606e-14,	-7.82061e-12	
65	1.995262e+02	-3.08739e-14,	-8.18900e-12	
66	2.089296e+02	-3.38463e-14,	-8.57472e-12	
67	2.187762e+02	-3.71023e-14,	-8.97859e-12	
68	2.290868e+02	-4.06685e-14,	-9.40146e-12	
69	2.398833e+02	-4.45740e-14,	-9.84422e-12	
70	2.511886e+02	-4.88506e-14,	-1.03078e-11	
71	2.630268e+02	-5.35329e-14,	-1.07932e-11	
72	2.754229e+02	-5.86586e-14,	-1.13013e-11	
73	2.884032e+02	-6.42689e-14,	-1.18334e-11	
74	3.019952e+02	-7.04085e-14,	-1.23905e-11	
75	3.162278e+02	-7.71263e-14,	-1.29737e-11	
76	3.311311e+02	-8.44752e-14,	-1.35843e-11	
77	3.467369e+02	-9.25128e-14,	-1.42235e-11	
78	3.630781e+02	-1.01302e-13,	-1.48927e-11	
79	3.801894e+02	-1.10910e-13,	-1.55934e-11	
80	3.981072e+02	-1.21411e-13,	-1.63268e-11	
81	4.168694e+02	-1.32885e-13,	-1.70947e-11	
82	4.365158e+02	-1.45417e-13,	-1.78984e-11	
83	4.570882e+02	-1.59101e-13,	-1.87398e-11	
84	4.786301e+02	-1.74038e-13,	-1.96206e-11	
85	5.011872e+02	-1.90335e-13,	-2.05425e-11	
86	5.248075e+02	-2.08108e-13,	-2.15074e-11	
87	5.495409e+02	-2.27482e-13,	-2.25174e-11	
88	5.754399e+02	-2.48592e-13,	-2.35745e-11	
89	6.025596e+02	-2.71578e-13,	-2.46808e-11	
90	6.309573e+02	-2.96594e-13,	-2.58386e-11	
91	6.606934e+02	-3.23800e-13,	-2.70503e-11	
92	6.918310e+02	-3.53367e-13,	-2.83182e-11	
93	7.244360e+02	-3.85474e-13,	-2.96449e-11	
94	7.585776e+02	-4.20311e-13,	-3.10331e-11	
95	7.943282e+02	-4.58075e-13,	-3.24855e-11	
96	8.317638e+02	-4.98971e-13,	-3.40050e-11	
97	8.709636e+02	-5.43210e-13,	-3.55945e-11	
98	9.120108e+02	-5.91010e-13,	-3.72574e-11	
99	9.549926e+02	-6.42593e-13,	-3.89966e-11	
100	1.000000e+03	-6.98180e-13,	-4.08157e-11	
101	1.047129e+03	-7.57996e-13,	-4.27182e-11	
102	1.096478e+03	-8.22258e-13,	-4.47077e-11	
103	1.148154e+03	-8.91180e-13,	-4.67881e-11	
104	1.202264e+03	-9.64963e-13,	-4.89633e-11	
105	1.258925e+03	-1.04380e-12,	-5.12375e-11	
106	1.318257e+03	-1.12785e-12,	-5.36150e-11	
107	1.380384e+03	-1.21726e-12,	-5.61003e-11	
108	1.445440e+03	-1.31215e-12,	-5.86981e-11	
109	1.513561e+03	-1.41260e-12,	-6.14134e-11	
110	1.584893e+03	-1.51865e-12,	-6.42512e-11	
111	1.659587e+03	-1.63030e-12,	-6.72170e-11	
112	1.737801e+03	-1.74749e-12,	-7.03165e-11	

Index   frequency       v1#branch                       
--------------------------------------------------------------------------------
113	1.819701e+03	-1.87011e-12,	-7.35554e-11	
114	1.905461e+03	-1.99799e-12,	-7.69402e-11	
115	1.995262e+03	-2.13091e-12,	-8.04772e-11	
116	2.089296e+03	-2.26857e-12,	-8.41734e-11	
117	2.187762e+03	-2.41063e-12,	-8.80361e-11	
118	2.290868e+03	-2.55666e-12,	-9.20728e-11	
119	2.398833e+03	-2.70619e-12,	-9.62917e-11	
120	2.511886e+03	-2.85871e-12,	-1.00701e-10	
121	2.630268e+03	-3.01363e-12,	-1.05311e-10	
122	2.754229e+03	-3.17034e-12,	-1.10129e-10	
123	2.884032e+03	-3.32821e-12,	-1.15166e-10	
124	3.019952e+03	-3.48658e-12,	-1.20434e-10	
125	3.162278e+03	-3.64477e-12,	-1.25942e-10	
126	3.311311e+03	-3.80212e-12,	-1.31703e-10	
127	3.467369e+03	-3.95798e-12,	-1.37728e-10	
128	3.630781e+03	-4.11172e-12,	-1.44032e-10	
129	3.801894e+03	-4.26275e-12,	-1.50628e-10	
130	3.981072e+03	-4.41053e-12,	-1.57529e-10	
131	4.168694e+03	-4.55454e-12,	-1.64752e-10	
132	4.365158e+03	-4.69436e-12,	-1.72312e-10	
133	4.570882e+03	-4.82959e-12,	-1.80226e-10	
134	4.786301e+03	-4.95991e-12,	-1.88511e-10	
135	5.011872e+03	-5.08507e-12,	-1.97185e-10	
136	5.248075e+03	-5.20487e-12,	-2.06267e-10	
137	5.495409e+03	-5.31917e-12,	-2.15778e-10	
138	5.754399e+03	-5.42789e-12,	-2.25738e-10	
139	6.025596e+03	-5.53101e-12,	-2.36168e-10	
140	6.309573e+03	-5.62853e-12,	-2.47092e-10	
141	6.606934e+03	-5.72054e-12,	-2.58534e-10	
142	6.918310e+03	-5.80711e-12,	-2.70518e-10	
143	7.244360e+03	-5.88839e-12,	-2.83070e-10	
144	7.585776e+03	-5.96454e-12,	-2.96217e-10	
145	7.943282e+03	-6.03573e-12,	-3.09988e-10	
146	8.317638e+03	-6.10215e-12,	-3.24412e-10	
147	8.709636e+03	-6.16403e-12,	-3.39521e-10	
148	9.120108e+03	-6.22156e-12,	-3.55346e-10	
149	9.549926e+03	-6.27499e-12,	-3.71922e-10	
150	1.000000e+04	-6.32452e-12,	-3.89285e-10	
151	1.047129e+04	-6.37038e-12,	-4.07470e-10	
152	1.096478e+04	-6.41279e-12,	-4.26518e-10	
153	1.148154e+04	-6.45196e-12,	-4.46469e-10	
154	1.202264e+04	-6.48811e-12,	-4.67364e-10	
155	1.258925e+04	-6.52144e-12,	-4.89250e-10	
156	1.318257e+04	-6.55213e-12,	-5.12172e-10	
157	1.380384e+04	-6.58038e-12,	-5.36180e-10	
158	1.445440e+04	-6.60636e-12,	-5.61323e-10	
159	1.513561e+04	-6.63023e-12,	-5.87657e-10	
160	1.584893e+04	-6.65215e-12,	-6.15236e-10	
161	1.659587e+04	-6.67227e-12,	-6.44119e-10	
162	1.737801e+04	-6.69072e-12,	-6.74368e-10	
163	1.819701e+04	-6.70765e-12,	-7.06047e-10	
164	1.905461e+04	-6.72315e-12,	-7.39223e-10	
165	1.995262e+04	-6.73736e-12,	-7.73967e-10	
166	2.089296e+04	-6.75037e-12,	-8.10352e-10	
167	2.187762e+04	-6.76228e-12,	-8.48456e-10	
168	2.290868e+04	-6.77317e-12,	-8.88358e-10	
169	2.398833e+04	-6.78314e-12,	-9.30145e-10	
170	2.511886e+04	-6.79226e-12,	-9.73905e-10	

Index   frequency       v1#branch                       
--------------------------------------------------------------------------------
171	2.630268e+04	-6.80060e-12,	-1.01973e-09	
172	2.754229e+04	-6.80822e-12,	-1.06772e-09	
173	2.884032e+04	-6.81519e-12,	-1.11797e-09	
174	3.019952e+04	-6.82155e-12,	-1.17060e-09	
175	3.162278e+04	-6.82737e-12,	-1.22570e-09	
176	3.311311e+04	-6.83268e-12,	-1.28341e-09	
177	3.467369e+04	-6.83753e-12,	-1.34384e-09	
178	3.630781e+04	-6.84196e-12,	-1.40712e-09	
179	3.801894e+04	-6.84601e-12,	-1.47338e-09	
180	3.981072e+04	-6.84970e-12,	-1.54277e-09	
181	4.168694e+04	-6.85308e-12,	-1.61543e-09	
182	4.365158e+04	-6.85616e-12,	-1.69152e-09	
183	4.570882e+04	-6.85897e-12,	-1.77120e-09	
184	4.786301e+04	-6.86153e-12,	-1.85463e-09	
185	5.011872e+04	-6.86388e-12,	-1.94199e-09	
186	5.248075e+04	-6.86601e-12,	-2.03348e-09	
187	5.495409e+04	-6.86796e-12,	-2.12928e-09	
188	5.754399e+04	-6.86974e-12,	-2.22960e-09	
189	6.025596e+04	-6.87137e-12,	-2.33464e-09	
190	6.309573e+04	-6.87285e-12,	-2.44464e-09	
191	6.606934e+04	-6.87420e-12,	-2.55982e-09	
192	6.918310e+04	-6.87543e-12,	-2.68043e-09	
193	7.244360e+04	-6.87656e-12,	-2.80673e-09	
194	7.585776e+04	-6.87759e-12,	-2.93898e-09	
195	7.943282e+04	-6.87852e-12,	-3.07747e-09	
196	8.317638e+04	-6.87938e-12,	-3.22248e-09	
197	8.709636e+04	-6.88016e-12,	-3.37433e-09	
198	9.120108e+04	-6.88087e-12,	-3.53333e-09	
199	9.549926e+04	-6.88152e-12,	-3.69983e-09	
200	1.000000e+05	-6.88211e-12,	-3.87418e-09	
201	1.047129e+05	-6.88265e-12,	-4.05674e-09	
202	1.096478e+05	-6.88314e-12,	-4.24792e-09	
203	1.148154e+05	-6.88359e-12,	-4.44810e-09	
204	1.202264e+05	-6.88401e-12,	-4.65771e-09	
205	1.258925e+05	-6.88438e-12,	-4.87721e-09	
206	1.318257e+05	-6.88472e-12,	-5.10705e-09	
207	1.380384e+05	-6.88504e-12,	-5.34772e-09	
208	1.445440e+05	-6.88532e-12,	-5.59974e-09	
209	1.513561e+05	-6.88558e-12,	-5.86363e-09	
210	1.584893e+05	-6.88582e-12,	-6.13996e-09	
211	1.659587e+05	-6.88604e-12,	-6.42932e-09	
212	1.737801e+05	-6.88624e-12,	-6.73231e-09	
213	1.819701e+05	-6.88642e-12,	-7.04959e-09	
214	1.905461e+05	-6.88659e-12,	-7.38181e-09	
215	1.995262e+05	-6.88674e-12,	-7.72970e-09	
216	2.089296e+05	-6.88688e-12,	-8.09398e-09	
217	2.187762e+05	-6.88701e-12,	-8.47543e-09	
218	2.290868e+05	-6.88713e-12,	-8.87485e-09	
219	2.398833e+05	-6.88723e-12,	-9.29310e-09	
220	2.511886e+05	-6.88733e-12,	-9.73106e-09	
221	2.630268e+05	-6.88743e-12,	-1.01897e-08	
222	2.754229e+05	-6.88751e-12,	-1.06699e-08	
223	2.884032e+05	-6.88759e-12,	-1.11727e-08	
224	3.019952e+05	-6.88767e-12,	-1.16993e-08	
225	3.162278e+05	-6.88773e-12,	-1.22506e-08	
226	3.311311e+05	-6.88780e-12,	-1.28280e-08	
227	3.467369e+05	-6.88786e-12,	-1.34326e-08	
228	3.630781e+05	-6.88792e-12,	-1.40656e-08	

Index   frequency       v1#branch                       
--------------------------------------------------------------------------------
229	3.801894e+05	-6.88797e-12,	-1.47285e-08	
230	3.981072e+05	-6.88803e-12,	-1.54226e-08	
231	4.168694e+05	-6.88808e-12,	-1.61495e-08	
232	4.365158e+05	-6.88813e-12,	-1.69106e-08	
233	4.570882e+05	-6.88818e-12,	-1.77075e-08	
234	4.786301e+05	-6.88823e-12,	-1.85420e-08	
235	5.011872e+05	-6.88827e-12,	-1.94159e-08	
236	5.248075e+05	-6.88832e-12,	-2.03309e-08	
237	5.495409e+05	-6.88837e-12,	-2.12891e-08	
238	5.754399e+05	-6.88842e-12,	-2.22924e-08	
239	6.025596e+05	-6.88848e-12,	-2.33430e-08	
240	6.309573e+05	-6.88853e-12,	-2.44432e-08	
241	6.606934e+05	-6.88859e-12,	-2.55951e-08	
242	6.918310e+05	-6.88865e-12,	-2.68014e-08	
243	7.244360e+05	-6.88871e-12,	-2.80645e-08	
244	7.585776e+05	-6.88878e-12,	-2.93871e-08	
245	7.943282e+05	-6.88885e-12,	-3.07721e-08	
246	8.317638e+05	-6.88893e-12,	-3.22223e-08	
247	8.709636e+05	-6.88901e-12,	-3.37409e-08	
248	9.120108e+05	-6.88910e-12,	-3.53311e-08	
249	9.549926e+05	-6.88920e-12,	-3.69962e-08	
250	1.000000e+06	-6.88930e-12,	-3.87398e-08	
251	1.047129e+06	-6.88942e-12,	-4.05655e-08	
252	1.096478e+06	-6.88954e-12,	-4.24773e-08	
253	1.148154e+06	-6.88967e-12,	-4.44792e-08	
254	1.202264e+06	-6.88982e-12,	-4.65754e-08	
255	1.258925e+06	-6.88998e-12,	-4.87705e-08	
256	1.318257e+06	-6.89016e-12,	-5.10689e-08	
257	1.380384e+06	-6.89035e-12,	-5.34757e-08	
258	1.445440e+06	-6.89056e-12,	-5.59960e-08	
259	1.513561e+06	-6.89079e-12,	-5.86350e-08	
260	1.584893e+06	-6.89104e-12,	-6.13984e-08	
261	1.659587e+06	-6.89132e-12,	-6.42920e-08	
262	1.737801e+06	-6.89162e-12,	-6.73220e-08	
263	1.819701e+06	-6.89195e-12,	-7.04947e-08	
264	1.905461e+06	-6.89231e-12,	-7.38171e-08	
265	1.995262e+06	-6.89270e-12,	-7.72960e-08	
266	2.089296e+06	-6.89314e-12,	-8.09388e-08	
267	2.187762e+06	-6.89361e-12,	-8.47533e-08	
268	2.290868e+06	-6.89414e-12,	-8.87476e-08	
269	2.398833e+06	-6.89471e-12,	-9.29302e-08	
270	2.511886e+06	-6.89533e-12,	-9.73098e-08	
271	2.630268e+06	-6.89602e-12,	-1.01896e-07	
272	2.754229e+06	-6.89677e-12,	-1.06698e-07	
273	2.884032e+06	-6.89760e-12,	-1.11727e-07	
274	3.019952e+06	-6.89850e-12,	-1.16992e-07	
275	3.162278e+06	-6.89949e-12,	-1.22506e-07	
276	3.311311e+06	-6.90058e-12,	-1.28279e-07	
277	3.467369e+06	-6.90177e-12,	-1.34325e-07	
278	3.630781e+06	-6.90308e-12,	-1.40655e-07	
279	3.801894e+06	-6.90451e-12,	-1.47284e-07	
280	3.981072e+06	-6.90608e-12,	-1.54226e-07	
281	4.168694e+06	-6.90781e-12,	-1.61494e-07	
282	4.365158e+06	-6.90970e-12,	-1.69105e-07	
283	4.570882e+06	-6.91177e-12,	-1.77075e-07	
284	4.786301e+06	-6.91404e-12,	-1.85420e-07	
285	5.011872e+06	-6.91653e-12,	-1.94159e-07	
286	5.248075e+06	-6.91926e-12,	-2.03309e-07	

Index   frequency       v1#branch                       
--------------------------------------------------------------------------------
287	5.495409e+06	-6.92225e-12,	-2.12891e-07	
288	5.754399e+06	-6.92554e-12,	-2.22924e-07	
289	6.025596e+06	-6.92913e-12,	-2.33430e-07	
290	6.309573e+06	-6.93308e-12,	-2.44431e-07	
291	6.606934e+06	-6.93741e-12,	-2.55951e-07	
292	6.918310e+06	-6.94215e-12,	-2.68014e-07	
293	7.244360e+06	-6.94735e-12,	-2.80645e-07	
294	7.585776e+06	-6.95306e-12,	-2.93871e-07	
295	7.943282e+06	-6.95931e-12,	-3.07721e-07	
296	8.317638e+06	-6.96617e-12,	-3.22223e-07	
297	8.709636e+06	-6.97369e-12,	-3.37409e-07	
298	9.120108e+06	-6.98194e-12,	-3.53311e-07	
299	9.549926e+06	-6.99098e-12,	-3.69962e-07	
300	1.000000e+07	-7.00089e-12,	-3.87397e-07	
301	1.047129e+07	-7.01176e-12,	-4.05655e-07	
302	1.096478e+07	-7.02368e-12,	-4.24773e-07	
303	1.148154e+07	-7.03675e-12,	-4.44792e-07	
304	1.202264e+07	-7.05109e-12,	-4.65754e-07	
305	1.258925e+07	-7.06680e-12,	-4.87704e-07	
306	1.318257e+07	-7.08403e-12,	-5.10689e-07	
307	1.380384e+07	-7.10293e-12,	-5.34757e-07	
308	1.445440e+07	-7.12365e-12,	-5.59960e-07	
309	1.513561e+07	-7.14637e-12,	-5.86350e-07	
310	1.584893e+07	-7.17128e-12,	-6.13984e-07	
311	1.659587e+07	-7.19860e-12,	-6.42920e-07	
312	1.737801e+07	-7.22856e-12,	-6.73220e-07	
313	1.819701e+07	-7.26141e-12,	-7.04947e-07	
314	1.905461e+07	-7.29743e-12,	-7.38171e-07	
315	1.995262e+07	-7.33693e-12,	-7.72959e-07	
316	2.089296e+07	-7.38025e-12,	-8.09388e-07	
317	2.187762e+07	-7.42775e-12,	-8.47533e-07	
318	2.290868e+07	-7.47984e-12,	-8.87476e-07	
319	2.398833e+07	-7.53696e-12,	-9.29302e-07	
320	2.511886e+07	-7.59961e-12,	-9.73098e-07	
321	2.630268e+07	-7.66831e-12,	-1.01896e-06	
322	2.754229e+07	-7.74365e-12,	-1.06698e-06	
323	2.884032e+07	-7.82628e-12,	-1.11727e-06	
324	3.019952e+07	-7.91690e-12,	-1.16992e-06	
325	3.162278e+07	-8.01628e-12,	-1.22506e-06	
326	3.311311e+07	-8.12529e-12,	-1.28279e-06	
327	3.467369e+07	-8.24485e-12,	-1.34325e-06	
328	3.630781e+07	-8.37598e-12,	-1.40655e-06	
329	3.801894e+07	-8.51981e-12,	-1.47284e-06	
330	3.981072e+07	-8.67758e-12,	-1.54226e-06	
331	4.168694e+07	-8.85065e-12,	-1.61494e-06	
332	4.365158e+07	-9.04050e-12,	-1.69105e-06	
333	4.570882e+07	-9.24877e-12,	-1.77075e-06	
334	4.786301e+07	-9.47726e-12,	-1.85420e-06	
335	5.011872e+07	-9.72795e-12,	-1.94159e-06	
336	5.248075e+07	-1.00030e-11,	-2.03309e-06	
337	5.495409e+07	-1.03048e-11,	-2.12891e-06	
338	5.754399e+07	-1.06360e-11,	-2.22924e-06	
339	6.025596e+07	-1.09995e-11,	-2.33430e-06	
340	6.309573e+07	-1.13984e-11,	-2.44431e-06	
341	6.606934e+07	-1.18362e-11,	-2.55951e-06	
342	6.918310e+07	-1.23168e-11,	-2.68014e-06	
343	7.244360e+07	-1.28445e-11,	-2.80645e-06	
344	7.585776e+07	-1.34238e-11,	-2.93871e-06	

Index   frequency       v1#branch                       
--------------------------------------------------------------------------------
345	7.943282e+07	-1.40600e-11,	-3.07721e-06	
346	8.317638e+07	-1.47587e-11,	-3.22223e-06	
347	8.709636e+07	-1.55261e-11,	-3.37409e-06	
348	9.120108e+07	-1.63693e-11,	-3.53311e-06	
349	9.549926e+07	-1.72956e-11,	-3.69962e-06	
350	1.000000e+08	-1.83138e-11,	-3.87398e-06	
351	1.047129e+08	-1.94329e-11,	-4.05655e-06	
352	1.096478e+08	-2.06633e-11,	-4.24773e-06	
353	1.148154e+08	-2.20165e-11,	-4.44792e-06	
354	1.202264e+08	-2.35049e-11,	-4.65754e-06	
355	1.258925e+08	-2.51427e-11,	-4.87705e-06	
356	1.318257e+08	-2.69454e-11,	-5.10690e-06	
357	1.380384e+08	-2.89302e-11,	-5.34758e-06	
358	1.445440e+08	-3.11162e-11,	-5.59960e-06	
359	1.513561e+08	-3.35247e-11,	-5.86350e-06	
360	1.584893e+08	-3.61795e-11,	-6.13984e-06	
361	1.659587e+08	-3.91069e-11,	-6.42920e-06	
362	1.737801e+08	-4.23365e-11,	-6.73220e-06	
363	1.819701e+08	-4.59010e-11,	-7.04948e-06	
364	1.905461e+08	-4.98373e-11,	-7.38171e-06	
365	1.995262e+08	-5.41863e-11,	-7.72960e-06	
366	2.089296e+08	-5.89940e-11,	-8.09389e-06	
367	2.187762e+08	-6.43118e-11,	-8.47534e-06	
368	2.290868e+08	-7.01973e-11,	-8.87478e-06	
369	2.398833e+08	-7.67153e-11,	-9.29303e-06	
370	2.511886e+08	-8.39382e-11,	-9.73100e-06	
371	2.630268e+08	-9.19474e-11,	-1.01896e-05	
372	2.754229e+08	-1.00834e-10,	-1.06698e-05	
373	2.884032e+08	-1.10702e-10,	-1.11727e-05	
374	3.019952e+08	-1.21665e-10,	-1.16992e-05	
375	3.162278e+08	-1.33854e-10,	-1.22506e-05	
376	3.311311e+08	-1.47414e-10,	-1.28280e-05	
377	3.467369e+08	-1.62508e-10,	-1.34325e-05	
378	3.630781e+08	-1.79320e-10,	-1.40656e-05	
379	3.801894e+08	-1.98056e-10,	-1.47285e-05	
380	3.981072e+08	-2.18946e-10,	-1.54226e-05	
381	4.168694e+08	-2.42247e-10,	-1.61495e-05	
382	4.365158e+08	-2.68249e-10,	-1.69106e-05	
383	4.570882e+08	-2.97273e-10,	-1.77076e-05	
384	4.786301e+08	-3.29677e-10,	-1.85421e-05	
385	5.011872e+08	-3.65861e-10,	-1.94160e-05	
386	5.248075e+08	-4.06269e-10,	-2.03310e-05	
387	5.495409e+08	-4.51391e-10,	-2.12892e-05	
388	5.754399e+08	-5.01773e-10,	-2.22926e-05	
389	6.025596e+08	-5.58013e-10,	-2.33432e-05	
390	6.309573e+08	-6.20776e-10,	-2.44433e-05	
391	6.606934e+08	-6.90789e-10,	-2.55953e-05	
392	6.918310e+08	-7.68854e-10,	-2.68016e-05	
393	7.244360e+08	-8.55848e-10,	-2.80648e-05	
394	7.585776e+08	-9.52733e-10,	-2.93874e-05	
395	7.943282e+08	-1.06056e-09,	-3.07724e-05	
396	8.317638e+08	-1.18048e-09,	-3.22227e-05	
397	8.709636e+08	-1.31374e-09,	-3.37413e-05	
398	9.120108e+08	-1.46171e-09,	-3.53315e-05	
399	9.549926e+08	-1.62588e-09,	-3.69967e-05	
400	1.000000e+09	-1.80787e-09,	-3.87403e-05	

                                kicad schematic
                                AC Analysis  Tue Oct 14 19:02:42  2025
--------------------------------------------------------------------------------
Index   frequency       v2#branch                       
--------------------------------------------------------------------------------
0	1.000000e+01	-7.60588e-17,	-4.10514e-13	
1	1.047129e+01	-8.34000e-17,	-4.29861e-13	
2	1.096478e+01	-9.14501e-17,	-4.50120e-13	
3	1.148154e+01	-1.00278e-16,	-4.71333e-13	
4	1.202264e+01	-1.09958e-16,	-4.93546e-13	
5	1.258925e+01	-1.20573e-16,	-5.16806e-13	
6	1.318257e+01	-1.32213e-16,	-5.41163e-13	
7	1.380384e+01	-1.44978e-16,	-5.66667e-13	
8	1.445440e+01	-1.58977e-16,	-5.93373e-13	
9	1.513561e+01	-1.74328e-16,	-6.21338e-13	
10	1.584893e+01	-1.91163e-16,	-6.50621e-13	
11	1.659587e+01	-2.09625e-16,	-6.81283e-13	
12	1.737801e+01	-2.29873e-16,	-7.13391e-13	
13	1.819701e+01	-2.52078e-16,	-7.47012e-13	
14	1.905461e+01	-2.76430e-16,	-7.82218e-13	
15	1.995262e+01	-3.03139e-16,	-8.19083e-13	
16	2.089296e+01	-3.32431e-16,	-8.57685e-13	
17	2.187762e+01	-3.64558e-16,	-8.98106e-13	
18	2.290868e+01	-3.99796e-16,	-9.40433e-13	
19	2.398833e+01	-4.38445e-16,	-9.84754e-13	
20	2.511886e+01	-4.80837e-16,	-1.03116e-12	
21	2.630268e+01	-5.27336e-16,	-1.07976e-12	
22	2.754229e+01	-5.78341e-16,	-1.13065e-12	
23	2.884032e+01	-6.34291e-16,	-1.18393e-12	
24	3.019952e+01	-6.95665e-16,	-1.23973e-12	
25	3.162278e+01	-7.62992e-16,	-1.29816e-12	
26	3.311311e+01	-8.36851e-16,	-1.35934e-12	
27	3.467369e+01	-9.17879e-16,	-1.42340e-12	
28	3.630781e+01	-1.00677e-15,	-1.49048e-12	
29	3.801894e+01	-1.10430e-15,	-1.56073e-12	
30	3.981072e+01	-1.21130e-15,	-1.63428e-12	
31	4.168694e+01	-1.32870e-15,	-1.71130e-12	
32	4.365158e+01	-1.45751e-15,	-1.79195e-12	
33	4.570882e+01	-1.59884e-15,	-1.87640e-12	
34	4.786301e+01	-1.75391e-15,	-1.96484e-12	
35	5.011872e+01	-1.92407e-15,	-2.05743e-12	
36	5.248075e+01	-2.11078e-15,	-2.15440e-12	
37	5.495409e+01	-2.31564e-15,	-2.25593e-12	
38	5.754399e+01	-2.54044e-15,	-2.36224e-12	
39	6.025596e+01	-2.78711e-15,	-2.47357e-12	
40	6.309573e+01	-3.05777e-15,	-2.59014e-12	
41	6.606934e+01	-3.35475e-15,	-2.71221e-12	
42	6.918310e+01	-3.68061e-15,	-2.84003e-12	
43	7.244360e+01	-4.03814e-15,	-2.97387e-12	
44	7.585776e+01	-4.43042e-15,	-3.11401e-12	
45	7.943282e+01	-4.86080e-15,	-3.26076e-12	
46	8.317638e+01	-5.33297e-15,	-3.41443e-12	
47	8.709636e+01	-5.85097e-15,	-3.57533e-12	
48	9.120108e+01	-6.41920e-15,	-3.74382e-12	
49	9.549926e+01	-7.04252e-15,	-3.92024e-12	
50	1.000000e+02	-7.72622e-15,	-4.10498e-12	
51	1.047129e+02	-8.47610e-15,	-4.29842e-12	
52	1.096478e+02	-9.29852e-15,	-4.50097e-12	
53	1.148154e+02	-1.02004e-14,	-4.71306e-12	
54	1.202264e+02	-1.11895e-14,	-4.93514e-12	

Index   frequency       v2#branch                       
--------------------------------------------------------------------------------
55	1.258925e+02	-1.22739e-14,	-5.16769e-12	
56	1.318257e+02	-1.34630e-14,	-5.41118e-12	
57	1.380384e+02	-1.47666e-14,	-5.66615e-12	
58	1.445440e+02	-1.61958e-14,	-5.93312e-12	
59	1.513561e+02	-1.77623e-14,	-6.21266e-12	
60	1.584893e+02	-1.94795e-14,	-6.50536e-12	
61	1.659587e+02	-2.13615e-14,	-6.81185e-12	
62	1.737801e+02	-2.34240e-14,	-7.13276e-12	
63	1.819701e+02	-2.56841e-14,	-7.46878e-12	
64	1.905461e+02	-2.81606e-14,	-7.82061e-12	
65	1.995262e+02	-3.08739e-14,	-8.18900e-12	
66	2.089296e+02	-3.38463e-14,	-8.57472e-12	
67	2.187762e+02	-3.71023e-14,	-8.97859e-12	
68	2.290868e+02	-4.06685e-14,	-9.40146e-12	
69	2.398833e+02	-4.45740e-14,	-9.84422e-12	
70	2.511886e+02	-4.88506e-14,	-1.03078e-11	
71	2.630268e+02	-5.35329e-14,	-1.07932e-11	
72	2.754229e+02	-5.86586e-14,	-1.13013e-11	
73	2.884032e+02	-6.42689e-14,	-1.18334e-11	
74	3.019952e+02	-7.04085e-14,	-1.23905e-11	
75	3.162278e+02	-7.71263e-14,	-1.29737e-11	
76	3.311311e+02	-8.44752e-14,	-1.35843e-11	
77	3.467369e+02	-9.25128e-14,	-1.42235e-11	
78	3.630781e+02	-1.01302e-13,	-1.48927e-11	
79	3.801894e+02	-1.10910e-13,	-1.55934e-11	
80	3.981072e+02	-1.21411e-13,	-1.63268e-11	
81	4.168694e+02	-1.32885e-13,	-1.70947e-11	
82	4.365158e+02	-1.45417e-13,	-1.78984e-11	
83	4.570882e+02	-1.59101e-13,	-1.87398e-11	
84	4.786301e+02	-1.74038e-13,	-1.96206e-11	
85	5.011872e+02	-1.90335e-13,	-2.05425e-11	
86	5.248075e+02	-2.08108e-13,	-2.15074e-11	
87	5.495409e+02	-2.27482e-13,	-2.25174e-11	
88	5.754399e+02	-2.48592e-13,	-2.35745e-11	
89	6.025596e+02	-2.71578e-13,	-2.46808e-11	
90	6.309573e+02	-2.96594e-13,	-2.58386e-11	
91	6.606934e+02	-3.23800e-13,	-2.70503e-11	
92	6.918310e+02	-3.53367e-13,	-2.83182e-11	
93	7.244360e+02	-3.85474e-13,	-2.96449e-11	
94	7.585776e+02	-4.20311e-13,	-3.10331e-11	
95	7.943282e+02	-4.58075e-13,	-3.24855e-11	
96	8.317638e+02	-4.98971e-13,	-3.40050e-11	
97	8.709636e+02	-5.43210e-13,	-3.55945e-11	
98	9.120108e+02	-5.91010e-13,	-3.72574e-11	
99	9.549926e+02	-6.42593e-13,	-3.89966e-11	
100	1.000000e+03	-6.98180e-13,	-4.08157e-11	
101	1.047129e+03	-7.57996e-13,	-4.27182e-11	
102	1.096478e+03	-8.22258e-13,	-4.47077e-11	
103	1.148154e+03	-8.91180e-13,	-4.67881e-11	
104	1.202264e+03	-9.64963e-13,	-4.89633e-11	
105	1.258925e+03	-1.04380e-12,	-5.12375e-11	
106	1.318257e+03	-1.12785e-12,	-5.36150e-11	
107	1.380384e+03	-1.21726e-12,	-5.61003e-11	
108	1.445440e+03	-1.31215e-12,	-5.86981e-11	
109	1.513561e+03	-1.41260e-12,	-6.14134e-11	
110	1.584893e+03	-1.51865e-12,	-6.42512e-11	
111	1.659587e+03	-1.63030e-12,	-6.72170e-11	
112	1.737801e+03	-1.74749e-12,	-7.03165e-11	

Index   frequency       v2#branch                       
--------------------------------------------------------------------------------
113	1.819701e+03	-1.87011e-12,	-7.35554e-11	
114	1.905461e+03	-1.99799e-12,	-7.69402e-11	
115	1.995262e+03	-2.13091e-12,	-8.04772e-11	
116	2.089296e+03	-2.26857e-12,	-8.41734e-11	
117	2.187762e+03	-2.41063e-12,	-8.80361e-11	
118	2.290868e+03	-2.55666e-12,	-9.20728e-11	
119	2.398833e+03	-2.70619e-12,	-9.62917e-11	
120	2.511886e+03	-2.85871e-12,	-1.00701e-10	
121	2.630268e+03	-3.01363e-12,	-1.05311e-10	
122	2.754229e+03	-3.17034e-12,	-1.10129e-10	
123	2.884032e+03	-3.32821e-12,	-1.15166e-10	
124	3.019952e+03	-3.48658e-12,	-1.20434e-10	
125	3.162278e+03	-3.64477e-12,	-1.25942e-10	
126	3.311311e+03	-3.80212e-12,	-1.31703e-10	
127	3.467369e+03	-3.95798e-12,	-1.37728e-10	
128	3.630781e+03	-4.11172e-12,	-1.44032e-10	
129	3.801894e+03	-4.26275e-12,	-1.50628e-10	
130	3.981072e+03	-4.41053e-12,	-1.57529e-10	
131	4.168694e+03	-4.55454e-12,	-1.64752e-10	
132	4.365158e+03	-4.69436e-12,	-1.72312e-10	
133	4.570882e+03	-4.82959e-12,	-1.80226e-10	
134	4.786301e+03	-4.95991e-12,	-1.88511e-10	
135	5.011872e+03	-5.08507e-12,	-1.97185e-10	
136	5.248075e+03	-5.20487e-12,	-2.06267e-10	
137	5.495409e+03	-5.31917e-12,	-2.15778e-10	
138	5.754399e+03	-5.42789e-12,	-2.25738e-10	
139	6.025596e+03	-5.53101e-12,	-2.36168e-10	
140	6.309573e+03	-5.62853e-12,	-2.47092e-10	
141	6.606934e+03	-5.72054e-12,	-2.58534e-10	
142	6.918310e+03	-5.80711e-12,	-2.70518e-10	
143	7.244360e+03	-5.88839e-12,	-2.83070e-10	
144	7.585776e+03	-5.96454e-12,	-2.96217e-10	
145	7.943282e+03	-6.03573e-12,	-3.09988e-10	
146	8.317638e+03	-6.10215e-12,	-3.24412e-10	
147	8.709636e+03	-6.16403e-12,	-3.39521e-10	
148	9.120108e+03	-6.22156e-12,	-3.55346e-10	
149	9.549926e+03	-6.27499e-12,	-3.71922e-10	
150	1.000000e+04	-6.32452e-12,	-3.89285e-10	
151	1.047129e+04	-6.37038e-12,	-4.07470e-10	
152	1.096478e+04	-6.41279e-12,	-4.26518e-10	
153	1.148154e+04	-6.45196e-12,	-4.46469e-10	
154	1.202264e+04	-6.48811e-12,	-4.67364e-10	
155	1.258925e+04	-6.52144e-12,	-4.89250e-10	
156	1.318257e+04	-6.55213e-12,	-5.12172e-10	
157	1.380384e+04	-6.58038e-12,	-5.36180e-10	
158	1.445440e+04	-6.60636e-12,	-5.61323e-10	
159	1.513561e+04	-6.63023e-12,	-5.87657e-10	
160	1.584893e+04	-6.65215e-12,	-6.15236e-10	
161	1.659587e+04	-6.67227e-12,	-6.44119e-10	
162	1.737801e+04	-6.69072e-12,	-6.74368e-10	
163	1.819701e+04	-6.70765e-12,	-7.06047e-10	
164	1.905461e+04	-6.72315e-12,	-7.39223e-10	
165	1.995262e+04	-6.73736e-12,	-7.73967e-10	
166	2.089296e+04	-6.75037e-12,	-8.10352e-10	
167	2.187762e+04	-6.76228e-12,	-8.48456e-10	
168	2.290868e+04	-6.77317e-12,	-8.88358e-10	
169	2.398833e+04	-6.78314e-12,	-9.30145e-10	
170	2.511886e+04	-6.79226e-12,	-9.73905e-10	

Index   frequency       v2#branch                       
--------------------------------------------------------------------------------
171	2.630268e+04	-6.80060e-12,	-1.01973e-09	
172	2.754229e+04	-6.80822e-12,	-1.06772e-09	
173	2.884032e+04	-6.81519e-12,	-1.11797e-09	
174	3.019952e+04	-6.82155e-12,	-1.17060e-09	
175	3.162278e+04	-6.82737e-12,	-1.22570e-09	
176	3.311311e+04	-6.83268e-12,	-1.28341e-09	
177	3.467369e+04	-6.83753e-12,	-1.34384e-09	
178	3.630781e+04	-6.84196e-12,	-1.40712e-09	
179	3.801894e+04	-6.84601e-12,	-1.47338e-09	
180	3.981072e+04	-6.84970e-12,	-1.54277e-09	
181	4.168694e+04	-6.85308e-12,	-1.61543e-09	
182	4.365158e+04	-6.85616e-12,	-1.69152e-09	
183	4.570882e+04	-6.85897e-12,	-1.77120e-09	
184	4.786301e+04	-6.86153e-12,	-1.85463e-09	
185	5.011872e+04	-6.86388e-12,	-1.94199e-09	
186	5.248075e+04	-6.86601e-12,	-2.03348e-09	
187	5.495409e+04	-6.86796e-12,	-2.12928e-09	
188	5.754399e+04	-6.86974e-12,	-2.22960e-09	
189	6.025596e+04	-6.87137e-12,	-2.33464e-09	
190	6.309573e+04	-6.87285e-12,	-2.44464e-09	
191	6.606934e+04	-6.87420e-12,	-2.55982e-09	
192	6.918310e+04	-6.87543e-12,	-2.68043e-09	
193	7.244360e+04	-6.87656e-12,	-2.80673e-09	
194	7.585776e+04	-6.87759e-12,	-2.93898e-09	
195	7.943282e+04	-6.87852e-12,	-3.07747e-09	
196	8.317638e+04	-6.87938e-12,	-3.22248e-09	
197	8.709636e+04	-6.88016e-12,	-3.37433e-09	
198	9.120108e+04	-6.88087e-12,	-3.53333e-09	
199	9.549926e+04	-6.88152e-12,	-3.69983e-09	
200	1.000000e+05	-6.88211e-12,	-3.87418e-09	
201	1.047129e+05	-6.88265e-12,	-4.05674e-09	
202	1.096478e+05	-6.88314e-12,	-4.24792e-09	
203	1.148154e+05	-6.88359e-12,	-4.44810e-09	
204	1.202264e+05	-6.88401e-12,	-4.65771e-09	
205	1.258925e+05	-6.88438e-12,	-4.87721e-09	
206	1.318257e+05	-6.88472e-12,	-5.10705e-09	
207	1.380384e+05	-6.88504e-12,	-5.34772e-09	
208	1.445440e+05	-6.88532e-12,	-5.59974e-09	
209	1.513561e+05	-6.88558e-12,	-5.86363e-09	
210	1.584893e+05	-6.88582e-12,	-6.13996e-09	
211	1.659587e+05	-6.88604e-12,	-6.42932e-09	
212	1.737801e+05	-6.88624e-12,	-6.73231e-09	
213	1.819701e+05	-6.88642e-12,	-7.04959e-09	
214	1.905461e+05	-6.88659e-12,	-7.38181e-09	
215	1.995262e+05	-6.88674e-12,	-7.72970e-09	
216	2.089296e+05	-6.88688e-12,	-8.09398e-09	
217	2.187762e+05	-6.88701e-12,	-8.47543e-09	
218	2.290868e+05	-6.88713e-12,	-8.87485e-09	
219	2.398833e+05	-6.88723e-12,	-9.29310e-09	
220	2.511886e+05	-6.88733e-12,	-9.73106e-09	
221	2.630268e+05	-6.88743e-12,	-1.01897e-08	
222	2.754229e+05	-6.88751e-12,	-1.06699e-08	
223	2.884032e+05	-6.88759e-12,	-1.11727e-08	
224	3.019952e+05	-6.88767e-12,	-1.16993e-08	
225	3.162278e+05	-6.88773e-12,	-1.22506e-08	
226	3.311311e+05	-6.88780e-12,	-1.28280e-08	
227	3.467369e+05	-6.88786e-12,	-1.34326e-08	
228	3.630781e+05	-6.88792e-12,	-1.40656e-08	

Index   frequency       v2#branch                       
--------------------------------------------------------------------------------
229	3.801894e+05	-6.88797e-12,	-1.47285e-08	
230	3.981072e+05	-6.88803e-12,	-1.54226e-08	
231	4.168694e+05	-6.88808e-12,	-1.61495e-08	
232	4.365158e+05	-6.88813e-12,	-1.69106e-08	
233	4.570882e+05	-6.88818e-12,	-1.77075e-08	
234	4.786301e+05	-6.88823e-12,	-1.85420e-08	
235	5.011872e+05	-6.88827e-12,	-1.94159e-08	
236	5.248075e+05	-6.88832e-12,	-2.03309e-08	
237	5.495409e+05	-6.88837e-12,	-2.12891e-08	
238	5.754399e+05	-6.88842e-12,	-2.22924e-08	
239	6.025596e+05	-6.88848e-12,	-2.33430e-08	
240	6.309573e+05	-6.88853e-12,	-2.44432e-08	
241	6.606934e+05	-6.88859e-12,	-2.55951e-08	
242	6.918310e+05	-6.88865e-12,	-2.68014e-08	
243	7.244360e+05	-6.88871e-12,	-2.80645e-08	
244	7.585776e+05	-6.88878e-12,	-2.93871e-08	
245	7.943282e+05	-6.88885e-12,	-3.07721e-08	
246	8.317638e+05	-6.88893e-12,	-3.22223e-08	
247	8.709636e+05	-6.88901e-12,	-3.37409e-08	
248	9.120108e+05	-6.88910e-12,	-3.53311e-08	
249	9.549926e+05	-6.88920e-12,	-3.69962e-08	
250	1.000000e+06	-6.88930e-12,	-3.87398e-08	
251	1.047129e+06	-6.88942e-12,	-4.05655e-08	
252	1.096478e+06	-6.88954e-12,	-4.24773e-08	
253	1.148154e+06	-6.88967e-12,	-4.44792e-08	
254	1.202264e+06	-6.88982e-12,	-4.65754e-08	
255	1.258925e+06	-6.88998e-12,	-4.87705e-08	
256	1.318257e+06	-6.89016e-12,	-5.10689e-08	
257	1.380384e+06	-6.89035e-12,	-5.34757e-08	
258	1.445440e+06	-6.89056e-12,	-5.59960e-08	
259	1.513561e+06	-6.89079e-12,	-5.86350e-08	
260	1.584893e+06	-6.89104e-12,	-6.13984e-08	
261	1.659587e+06	-6.89132e-12,	-6.42920e-08	
262	1.737801e+06	-6.89162e-12,	-6.73220e-08	
263	1.819701e+06	-6.89195e-12,	-7.04947e-08	
264	1.905461e+06	-6.89231e-12,	-7.38171e-08	
265	1.995262e+06	-6.89270e-12,	-7.72960e-08	
266	2.089296e+06	-6.89314e-12,	-8.09388e-08	
267	2.187762e+06	-6.89361e-12,	-8.47533e-08	
268	2.290868e+06	-6.89414e-12,	-8.87476e-08	
269	2.398833e+06	-6.89471e-12,	-9.29302e-08	
270	2.511886e+06	-6.89533e-12,	-9.73098e-08	
271	2.630268e+06	-6.89602e-12,	-1.01896e-07	
272	2.754229e+06	-6.89677e-12,	-1.06698e-07	
273	2.884032e+06	-6.89760e-12,	-1.11727e-07	
274	3.019952e+06	-6.89850e-12,	-1.16992e-07	
275	3.162278e+06	-6.89949e-12,	-1.22506e-07	
276	3.311311e+06	-6.90058e-12,	-1.28279e-07	
277	3.467369e+06	-6.90177e-12,	-1.34325e-07	
278	3.630781e+06	-6.90308e-12,	-1.40655e-07	
279	3.801894e+06	-6.90451e-12,	-1.47284e-07	
280	3.981072e+06	-6.90608e-12,	-1.54226e-07	
281	4.168694e+06	-6.90781e-12,	-1.61494e-07	
282	4.365158e+06	-6.90970e-12,	-1.69105e-07	
283	4.570882e+06	-6.91177e-12,	-1.77075e-07	
284	4.786301e+06	-6.91404e-12,	-1.85420e-07	
285	5.011872e+06	-6.91653e-12,	-1.94159e-07	
286	5.248075e+06	-6.91926e-12,	-2.03309e-07	

Index   frequency       v2#branch                       
--------------------------------------------------------------------------------
287	5.495409e+06	-6.92225e-12,	-2.12891e-07	
288	5.754399e+06	-6.92554e-12,	-2.22924e-07	
289	6.025596e+06	-6.92913e-12,	-2.33430e-07	
290	6.309573e+06	-6.93308e-12,	-2.44431e-07	
291	6.606934e+06	-6.93741e-12,	-2.55951e-07	
292	6.918310e+06	-6.94215e-12,	-2.68014e-07	
293	7.244360e+06	-6.94735e-12,	-2.80645e-07	
294	7.585776e+06	-6.95306e-12,	-2.93871e-07	
295	7.943282e+06	-6.95931e-12,	-3.07721e-07	
296	8.317638e+06	-6.96617e-12,	-3.22223e-07	
297	8.709636e+06	-6.97369e-12,	-3.37409e-07	
298	9.120108e+06	-6.98194e-12,	-3.53311e-07	
299	9.549926e+06	-6.99098e-12,	-3.69962e-07	
300	1.000000e+07	-7.00089e-12,	-3.87397e-07	
301	1.047129e+07	-7.01176e-12,	-4.05655e-07	
302	1.096478e+07	-7.02368e-12,	-4.24773e-07	
303	1.148154e+07	-7.03675e-12,	-4.44792e-07	
304	1.202264e+07	-7.05109e-12,	-4.65754e-07	
305	1.258925e+07	-7.06680e-12,	-4.87704e-07	
306	1.318257e+07	-7.08403e-12,	-5.10689e-07	
307	1.380384e+07	-7.10293e-12,	-5.34757e-07	
308	1.445440e+07	-7.12365e-12,	-5.59960e-07	
309	1.513561e+07	-7.14637e-12,	-5.86350e-07	
310	1.584893e+07	-7.17128e-12,	-6.13984e-07	
311	1.659587e+07	-7.19860e-12,	-6.42920e-07	
312	1.737801e+07	-7.22856e-12,	-6.73220e-07	
313	1.819701e+07	-7.26141e-12,	-7.04947e-07	
314	1.905461e+07	-7.29743e-12,	-7.38171e-07	
315	1.995262e+07	-7.33693e-12,	-7.72959e-07	
316	2.089296e+07	-7.38025e-12,	-8.09388e-07	
317	2.187762e+07	-7.42775e-12,	-8.47533e-07	
318	2.290868e+07	-7.47984e-12,	-8.87476e-07	
319	2.398833e+07	-7.53696e-12,	-9.29302e-07	
320	2.511886e+07	-7.59961e-12,	-9.73098e-07	
321	2.630268e+07	-7.66831e-12,	-1.01896e-06	
322	2.754229e+07	-7.74365e-12,	-1.06698e-06	
323	2.884032e+07	-7.82628e-12,	-1.11727e-06	
324	3.019952e+07	-7.91690e-12,	-1.16992e-06	
325	3.162278e+07	-8.01628e-12,	-1.22506e-06	
326	3.311311e+07	-8.12529e-12,	-1.28279e-06	
327	3.467369e+07	-8.24485e-12,	-1.34325e-06	
328	3.630781e+07	-8.37598e-12,	-1.40655e-06	
329	3.801894e+07	-8.51981e-12,	-1.47284e-06	
330	3.981072e+07	-8.67758e-12,	-1.54226e-06	
331	4.168694e+07	-8.85065e-12,	-1.61494e-06	
332	4.365158e+07	-9.04050e-12,	-1.69105e-06	
333	4.570882e+07	-9.24877e-12,	-1.77075e-06	
334	4.786301e+07	-9.47726e-12,	-1.85420e-06	
335	5.011872e+07	-9.72795e-12,	-1.94159e-06	
336	5.248075e+07	-1.00030e-11,	-2.03309e-06	
337	5.495409e+07	-1.03048e-11,	-2.12891e-06	
338	5.754399e+07	-1.06360e-11,	-2.22924e-06	
339	6.025596e+07	-1.09995e-11,	-2.33430e-06	
340	6.309573e+07	-1.13984e-11,	-2.44431e-06	
341	6.606934e+07	-1.18362e-11,	-2.55951e-06	
342	6.918310e+07	-1.23168e-11,	-2.68014e-06	
343	7.244360e+07	-1.28445e-11,	-2.80645e-06	
344	7.585776e+07	-1.34238e-11,	-2.93871e-06	

Index   frequency       v2#branch                       
--------------------------------------------------------------------------------
345	7.943282e+07	-1.40600e-11,	-3.07721e-06	
346	8.317638e+07	-1.47587e-11,	-3.22223e-06	
347	8.709636e+07	-1.55261e-11,	-3.37409e-06	
348	9.120108e+07	-1.63693e-11,	-3.53311e-06	
349	9.549926e+07	-1.72956e-11,	-3.69962e-06	
350	1.000000e+08	-1.83138e-11,	-3.87398e-06	
351	1.047129e+08	-1.94329e-11,	-4.05655e-06	
352	1.096478e+08	-2.06633e-11,	-4.24773e-06	
353	1.148154e+08	-2.20165e-11,	-4.44792e-06	
354	1.202264e+08	-2.35049e-11,	-4.65754e-06	
355	1.258925e+08	-2.51427e-11,	-4.87705e-06	
356	1.318257e+08	-2.69454e-11,	-5.10690e-06	
357	1.380384e+08	-2.89302e-11,	-5.34758e-06	
358	1.445440e+08	-3.11162e-11,	-5.59960e-06	
359	1.513561e+08	-3.35247e-11,	-5.86350e-06	
360	1.584893e+08	-3.61795e-11,	-6.13984e-06	
361	1.659587e+08	-3.91069e-11,	-6.42920e-06	
362	1.737801e+08	-4.23365e-11,	-6.73220e-06	
363	1.819701e+08	-4.59010e-11,	-7.04948e-06	
364	1.905461e+08	-4.98373e-11,	-7.38171e-06	
365	1.995262e+08	-5.41863e-11,	-7.72960e-06	
366	2.089296e+08	-5.89940e-11,	-8.09389e-06	
367	2.187762e+08	-6.43118e-11,	-8.47534e-06	
368	2.290868e+08	-7.01973e-11,	-8.87478e-06	
369	2.398833e+08	-7.67153e-11,	-9.29303e-06	
370	2.511886e+08	-8.39382e-11,	-9.73100e-06	
371	2.630268e+08	-9.19474e-11,	-1.01896e-05	
372	2.754229e+08	-1.00834e-10,	-1.06698e-05	
373	2.884032e+08	-1.10702e-10,	-1.11727e-05	
374	3.019952e+08	-1.21665e-10,	-1.16992e-05	
375	3.162278e+08	-1.33854e-10,	-1.22506e-05	
376	3.311311e+08	-1.47414e-10,	-1.28280e-05	
377	3.467369e+08	-1.62508e-10,	-1.34325e-05	
378	3.630781e+08	-1.79320e-10,	-1.40656e-05	
379	3.801894e+08	-1.98056e-10,	-1.47285e-05	
380	3.981072e+08	-2.18946e-10,	-1.54226e-05	
381	4.168694e+08	-2.42247e-10,	-1.61495e-05	
382	4.365158e+08	-2.68249e-10,	-1.69106e-05	
383	4.570882e+08	-2.97273e-10,	-1.77076e-05	
384	4.786301e+08	-3.29677e-10,	-1.85421e-05	
385	5.011872e+08	-3.65861e-10,	-1.94160e-05	
386	5.248075e+08	-4.06269e-10,	-2.03310e-05	
387	5.495409e+08	-4.51391e-10,	-2.12892e-05	
388	5.754399e+08	-5.01773e-10,	-2.22926e-05	
389	6.025596e+08	-5.58013e-10,	-2.33432e-05	
390	6.309573e+08	-6.20776e-10,	-2.44433e-05	
391	6.606934e+08	-6.90789e-10,	-2.55953e-05	
392	6.918310e+08	-7.68854e-10,	-2.68016e-05	
393	7.244360e+08	-8.55848e-10,	-2.80648e-05	
394	7.585776e+08	-9.52733e-10,	-2.93874e-05	
395	7.943282e+08	-1.06056e-09,	-3.07724e-05	
396	8.317638e+08	-1.18048e-09,	-3.22227e-05	
397	8.709636e+08	-1.31374e-09,	-3.37413e-05	
398	9.120108e+08	-1.46171e-09,	-3.53315e-05	
399	9.549926e+08	-1.62588e-09,	-3.69967e-05	
400	1.000000e+09	-1.80787e-09,	-3.87403e-05	

                                kicad schematic
                                AC Analysis  Tue Oct 14 19:02:42  2025
--------------------------------------------------------------------------------
Index   frequency       v3#branch                       
--------------------------------------------------------------------------------
0	1.000000e+01	-2.23631e-15,	-4.16274e-13	
1	1.047129e+01	-2.44887e-15,	-4.35866e-13	
2	1.096478e+01	-2.68130e-15,	-4.56378e-13	
3	1.148154e+01	-2.93540e-15,	-4.77853e-13	
4	1.202264e+01	-3.21309e-15,	-5.00334e-13	
5	1.258925e+01	-3.51650e-15,	-5.23870e-13	
6	1.318257e+01	-3.84787e-15,	-5.48508e-13	
7	1.380384e+01	-4.20966e-15,	-5.74300e-13	
8	1.445440e+01	-4.60449e-15,	-6.01300e-13	
9	1.513561e+01	-5.03520e-15,	-6.29562e-13	
10	1.584893e+01	-5.50482e-15,	-6.59146e-13	
11	1.659587e+01	-6.01660e-15,	-6.90111e-13	
12	1.737801e+01	-6.57401e-15,	-7.22522e-13	
13	1.819701e+01	-7.18074e-15,	-7.56445e-13	
14	1.905461e+01	-7.84070e-15,	-7.91949e-13	
15	1.995262e+01	-8.55804e-15,	-8.29106e-13	
16	2.089296e+01	-9.33713e-15,	-8.67991e-13	
17	2.187762e+01	-1.01825e-14,	-9.08682e-13	
18	2.290868e+01	-1.10991e-14,	-9.51263e-13	
19	2.398833e+01	-1.20917e-14,	-9.95817e-13	
20	2.511886e+01	-1.31656e-14,	-1.04243e-12	
21	2.630268e+01	-1.43259e-14,	-1.09121e-12	
22	2.754229e+01	-1.55781e-14,	-1.14223e-12	
23	2.884032e+01	-1.69275e-14,	-1.19561e-12	
24	3.019952e+01	-1.83796e-14,	-1.25145e-12	
25	3.162278e+01	-1.99396e-14,	-1.30986e-12	
26	3.311311e+01	-2.16126e-14,	-1.37094e-12	
27	3.467369e+01	-2.34037e-14,	-1.43483e-12	
28	3.630781e+01	-2.53172e-14,	-1.50165e-12	
29	3.801894e+01	-2.73573e-14,	-1.57152e-12	
30	3.981072e+01	-2.95275e-14,	-1.64458e-12	
31	4.168694e+01	-3.18306e-14,	-1.72097e-12	
32	4.365158e+01	-3.42687e-14,	-1.80084e-12	
33	4.570882e+01	-3.68427e-14,	-1.88435e-12	
34	4.786301e+01	-3.95526e-14,	-1.97166e-12	
35	5.011872e+01	-4.23973e-14,	-2.06293e-12	
36	5.248075e+01	-4.53744e-14,	-2.15835e-12	
37	5.495409e+01	-4.84799e-14,	-2.25809e-12	
38	5.754399e+01	-5.17087e-14,	-2.36237e-12	
39	6.025596e+01	-5.50542e-14,	-2.47138e-12	
40	6.309573e+01	-5.85084e-14,	-2.58535e-12	
41	6.606934e+01	-6.20617e-14,	-2.70450e-12	
42	6.918310e+01	-6.57036e-14,	-2.82906e-12	
43	7.244360e+01	-6.94222e-14,	-2.95931e-12	
44	7.585776e+01	-7.32047e-14,	-3.09550e-12	
45	7.943282e+01	-7.70377e-14,	-3.23792e-12	
46	8.317638e+01	-8.09068e-14,	-3.38686e-12	
47	8.709636e+01	-8.47979e-14,	-3.54264e-12	
48	9.120108e+01	-8.86964e-14,	-3.70558e-12	
49	9.549926e+01	-9.25882e-14,	-3.87605e-12	
50	1.000000e+02	-9.64597e-14,	-4.05439e-12	
51	1.047129e+02	-1.00298e-13,	-4.24099e-12	
52	1.096478e+02	-1.04091e-13,	-4.43626e-12	
53	1.148154e+02	-1.07828e-13,	-4.64062e-12	
54	1.202264e+02	-1.11500e-13,	-4.85452e-12	

Index   frequency       v3#branch                       
--------------------------------------------------------------------------------
55	1.258925e+02	-1.15099e-13,	-5.07841e-12	
56	1.318257e+02	-1.18618e-13,	-5.31278e-12	
57	1.380384e+02	-1.22054e-13,	-5.55815e-12	
58	1.445440e+02	-1.25401e-13,	-5.81505e-12	
59	1.513561e+02	-1.28660e-13,	-6.08403e-12	
60	1.584893e+02	-1.31830e-13,	-6.36569e-12	
61	1.659587e+02	-1.34912e-13,	-6.66061e-12	
62	1.737801e+02	-1.37908e-13,	-6.96946e-12	
63	1.819701e+02	-1.40823e-13,	-7.29288e-12	
64	1.905461e+02	-1.43660e-13,	-7.63159e-12	
65	1.995262e+02	-1.46425e-13,	-7.98629e-12	
66	2.089296e+02	-1.49125e-13,	-8.35776e-12	
67	2.187762e+02	-1.51765e-13,	-8.74679e-12	
68	2.290868e+02	-1.54353e-13,	-9.15420e-12	
69	2.398833e+02	-1.56896e-13,	-9.58088e-12	
70	2.511886e+02	-1.59400e-13,	-1.00277e-11	
71	2.630268e+02	-1.61871e-13,	-1.04957e-11	
72	2.754229e+02	-1.64317e-13,	-1.09857e-11	
73	2.884032e+02	-1.66743e-13,	-1.14989e-11	
74	3.019952e+02	-1.69154e-13,	-1.20364e-11	
75	3.162278e+02	-1.71555e-13,	-1.25992e-11	
76	3.311311e+02	-1.73948e-13,	-1.31885e-11	
77	3.467369e+02	-1.76337e-13,	-1.38057e-11	
78	3.630781e+02	-1.78722e-13,	-1.44520e-11	
79	3.801894e+02	-1.81104e-13,	-1.51287e-11	
80	3.981072e+02	-1.83481e-13,	-1.58374e-11	
81	4.168694e+02	-1.85850e-13,	-1.65794e-11	
82	4.365158e+02	-1.88209e-13,	-1.73565e-11	
83	4.570882e+02	-1.90551e-13,	-1.81701e-11	
84	4.786301e+02	-1.92871e-13,	-1.90221e-11	
85	5.011872e+02	-1.95161e-13,	-1.99142e-11	
86	5.248075e+02	-1.97413e-13,	-2.08484e-11	
87	5.495409e+02	-1.99617e-13,	-2.18266e-11	
88	5.754399e+02	-2.01764e-13,	-2.28509e-11	
89	6.025596e+02	-2.03842e-13,	-2.39234e-11	
90	6.309573e+02	-2.05841e-13,	-2.50465e-11	
91	6.606934e+02	-2.07749e-13,	-2.62226e-11	
92	6.918310e+02	-2.09554e-13,	-2.74540e-11	
93	7.244360e+02	-2.11247e-13,	-2.87435e-11	
94	7.585776e+02	-2.12816e-13,	-3.00939e-11	
95	7.943282e+02	-2.14251e-13,	-3.15079e-11	
96	8.317638e+02	-2.15542e-13,	-3.29886e-11	
97	8.709636e+02	-2.16680e-13,	-3.45391e-11	
98	9.120108e+02	-2.17657e-13,	-3.61628e-11	
99	9.549926e+02	-2.18466e-13,	-3.78631e-11	
100	1.000000e+03	-2.19102e-13,	-3.96437e-11	
101	1.047129e+03	-2.19558e-13,	-4.15083e-11	
102	1.096478e+03	-2.19832e-13,	-4.34608e-11	
103	1.148154e+03	-2.19921e-13,	-4.55056e-11	
104	1.202264e+03	-2.19823e-13,	-4.76469e-11	
105	1.258925e+03	-2.19539e-13,	-4.98892e-11	
106	1.318257e+03	-2.19070e-13,	-5.22374e-11	
107	1.380384e+03	-2.18419e-13,	-5.46965e-11	
108	1.445440e+03	-2.17589e-13,	-5.72717e-11	
109	1.513561e+03	-2.16586e-13,	-5.99685e-11	
110	1.584893e+03	-2.15418e-13,	-6.27925e-11	
111	1.659587e+03	-2.14091e-13,	-6.57500e-11	
112	1.737801e+03	-2.12617e-13,	-6.88470e-11	

Index   frequency       v3#branch                       
--------------------------------------------------------------------------------
113	1.819701e+03	-2.11005e-13,	-7.20902e-11	
114	1.905461e+03	-2.09268e-13,	-7.54865e-11	
115	1.995262e+03	-2.07419e-13,	-7.90432e-11	
116	2.089296e+03	-2.05472e-13,	-8.27677e-11	
117	2.187762e+03	-2.03441e-13,	-8.66679e-11	
118	2.290868e+03	-2.01343e-13,	-9.07523e-11	
119	2.398833e+03	-1.99193e-13,	-9.50293e-11	
120	2.511886e+03	-1.97007e-13,	-9.95082e-11	
121	2.630268e+03	-1.94801e-13,	-1.04198e-10	
122	2.754229e+03	-1.92589e-13,	-1.09110e-10	
123	2.884032e+03	-1.90387e-13,	-1.14253e-10	
124	3.019952e+03	-1.88209e-13,	-1.19638e-10	
125	3.162278e+03	-1.86066e-13,	-1.25278e-10	
126	3.311311e+03	-1.83972e-13,	-1.31184e-10	
127	3.467369e+03	-1.81935e-13,	-1.37368e-10	
128	3.630781e+03	-1.79964e-13,	-1.43843e-10	
129	3.801894e+03	-1.78067e-13,	-1.50624e-10	
130	3.981072e+03	-1.76249e-13,	-1.57725e-10	
131	4.168694e+03	-1.74514e-13,	-1.65160e-10	
132	4.365158e+03	-1.72866e-13,	-1.72946e-10	
133	4.570882e+03	-1.71307e-13,	-1.81098e-10	
134	4.786301e+03	-1.69836e-13,	-1.89635e-10	
135	5.011872e+03	-1.68453e-13,	-1.98575e-10	
136	5.248075e+03	-1.67157e-13,	-2.07935e-10	
137	5.495409e+03	-1.65946e-13,	-2.17737e-10	
138	5.754399e+03	-1.64818e-13,	-2.28001e-10	
139	6.025596e+03	-1.63768e-13,	-2.38748e-10	
140	6.309573e+03	-1.62794e-13,	-2.50002e-10	
141	6.606934e+03	-1.61892e-13,	-2.61786e-10	
142	6.918310e+03	-1.61058e-13,	-2.74125e-10	
143	7.244360e+03	-1.60289e-13,	-2.87046e-10	
144	7.585776e+03	-1.59579e-13,	-3.00576e-10	
145	7.943282e+03	-1.58926e-13,	-3.14744e-10	
146	8.317638e+03	-1.58325e-13,	-3.29579e-10	
147	8.709636e+03	-1.57773e-13,	-3.45113e-10	
148	9.120108e+03	-1.57266e-13,	-3.61379e-10	
149	9.549926e+03	-1.56802e-13,	-3.78412e-10	
150	1.000000e+04	-1.56376e-13,	-3.96248e-10	
151	1.047129e+04	-1.55986e-13,	-4.14924e-10	
152	1.096478e+04	-1.55628e-13,	-4.34480e-10	
153	1.148154e+04	-1.55301e-13,	-4.54958e-10	
154	1.202264e+04	-1.55002e-13,	-4.76401e-10	
155	1.258925e+04	-1.54729e-13,	-4.98854e-10	
156	1.318257e+04	-1.54479e-13,	-5.22365e-10	
157	1.380384e+04	-1.54250e-13,	-5.46985e-10	
158	1.445440e+04	-1.54042e-13,	-5.72765e-10	
159	1.513561e+04	-1.53851e-13,	-5.99759e-10	
160	1.584893e+04	-1.53677e-13,	-6.28026e-10	
161	1.659587e+04	-1.53518e-13,	-6.57625e-10	
162	1.737801e+04	-1.53373e-13,	-6.88619e-10	
163	1.819701e+04	-1.53240e-13,	-7.21073e-10	
164	1.905461e+04	-1.53120e-13,	-7.55057e-10	
165	1.995262e+04	-1.53009e-13,	-7.90643e-10	
166	2.089296e+04	-1.52909e-13,	-8.27905e-10	
167	2.187762e+04	-1.52817e-13,	-8.66924e-10	
168	2.290868e+04	-1.52733e-13,	-9.07782e-10	
169	2.398833e+04	-1.52657e-13,	-9.50565e-10	
170	2.511886e+04	-1.52587e-13,	-9.95364e-10	

Index   frequency       v3#branch                       
--------------------------------------------------------------------------------
171	2.630268e+04	-1.52523e-13,	-1.04227e-09	
172	2.754229e+04	-1.52465e-13,	-1.09140e-09	
173	2.884032e+04	-1.52413e-13,	-1.14283e-09	
174	3.019952e+04	-1.52364e-13,	-1.19669e-09	
175	3.162278e+04	-1.52321e-13,	-1.25309e-09	
176	3.311311e+04	-1.52281e-13,	-1.31215e-09	
177	3.467369e+04	-1.52244e-13,	-1.37399e-09	
178	3.630781e+04	-1.52211e-13,	-1.43874e-09	
179	3.801894e+04	-1.52181e-13,	-1.50655e-09	
180	3.981072e+04	-1.52154e-13,	-1.57755e-09	
181	4.168694e+04	-1.52129e-13,	-1.65190e-09	
182	4.365158e+04	-1.52106e-13,	-1.72975e-09	
183	4.570882e+04	-1.52085e-13,	-1.81127e-09	
184	4.786301e+04	-1.52067e-13,	-1.89664e-09	
185	5.011872e+04	-1.52050e-13,	-1.98602e-09	
186	5.248075e+04	-1.52035e-13,	-2.07962e-09	
187	5.495409e+04	-1.52021e-13,	-2.17763e-09	
188	5.754399e+04	-1.52009e-13,	-2.28026e-09	
189	6.025596e+04	-1.51998e-13,	-2.38773e-09	
190	6.309573e+04	-1.51988e-13,	-2.50026e-09	
191	6.606934e+04	-1.51979e-13,	-2.61809e-09	
192	6.918310e+04	-1.51971e-13,	-2.74148e-09	
193	7.244360e+04	-1.51964e-13,	-2.87068e-09	
194	7.585776e+04	-1.51959e-13,	-3.00597e-09	
195	7.943282e+04	-1.51953e-13,	-3.14764e-09	
196	8.317638e+04	-1.51949e-13,	-3.29598e-09	
197	8.709636e+04	-1.51946e-13,	-3.45132e-09	
198	9.120108e+04	-1.51943e-13,	-3.61397e-09	
199	9.549926e+04	-1.51941e-13,	-3.78429e-09	
200	1.000000e+05	-1.51940e-13,	-3.96264e-09	
201	1.047129e+05	-1.51939e-13,	-4.14940e-09	
202	1.096478e+05	-1.51939e-13,	-4.34495e-09	
203	1.148154e+05	-1.51940e-13,	-4.54972e-09	
204	1.202264e+05	-1.51941e-13,	-4.76414e-09	
205	1.258925e+05	-1.51943e-13,	-4.98867e-09	
206	1.318257e+05	-1.51946e-13,	-5.22378e-09	
207	1.380384e+05	-1.51950e-13,	-5.46997e-09	
208	1.445440e+05	-1.51954e-13,	-5.72776e-09	
209	1.513561e+05	-1.51959e-13,	-5.99770e-09	
210	1.584893e+05	-1.51965e-13,	-6.28037e-09	
211	1.659587e+05	-1.51972e-13,	-6.57635e-09	
212	1.737801e+05	-1.51980e-13,	-6.88628e-09	
213	1.819701e+05	-1.51989e-13,	-7.21082e-09	
214	1.905461e+05	-1.51999e-13,	-7.55066e-09	
215	1.995262e+05	-1.52010e-13,	-7.90651e-09	
216	2.089296e+05	-1.52023e-13,	-8.27914e-09	
217	2.187762e+05	-1.52037e-13,	-8.66932e-09	
218	2.290868e+05	-1.52052e-13,	-9.07789e-09	
219	2.398833e+05	-1.52069e-13,	-9.50572e-09	
220	2.511886e+05	-1.52088e-13,	-9.95371e-09	
221	2.630268e+05	-1.52109e-13,	-1.04228e-08	
222	2.754229e+05	-1.52132e-13,	-1.09140e-08	
223	2.884032e+05	-1.52157e-13,	-1.14284e-08	
224	3.019952e+05	-1.52185e-13,	-1.19670e-08	
225	3.162278e+05	-1.52215e-13,	-1.25310e-08	
226	3.311311e+05	-1.52249e-13,	-1.31215e-08	
227	3.467369e+05	-1.52286e-13,	-1.37399e-08	
228	3.630781e+05	-1.52326e-13,	-1.43875e-08	

Index   frequency       v3#branch                       
--------------------------------------------------------------------------------
229	3.801894e+05	-1.52371e-13,	-1.50656e-08	
230	3.981072e+05	-1.52420e-13,	-1.57756e-08	
231	4.168694e+05	-1.52473e-13,	-1.65190e-08	
232	4.365158e+05	-1.52532e-13,	-1.72976e-08	
233	4.570882e+05	-1.52597e-13,	-1.81128e-08	
234	4.786301e+05	-1.52668e-13,	-1.89664e-08	
235	5.011872e+05	-1.52745e-13,	-1.98603e-08	
236	5.248075e+05	-1.52831e-13,	-2.07962e-08	
237	5.495409e+05	-1.52924e-13,	-2.17763e-08	
238	5.754399e+05	-1.53026e-13,	-2.28026e-08	
239	6.025596e+05	-1.53139e-13,	-2.38773e-08	
240	6.309573e+05	-1.53262e-13,	-2.50026e-08	
241	6.606934e+05	-1.53397e-13,	-2.61809e-08	
242	6.918310e+05	-1.53546e-13,	-2.74148e-08	
243	7.244360e+05	-1.53708e-13,	-2.87068e-08	
244	7.585776e+05	-1.53887e-13,	-3.00597e-08	
245	7.943282e+05	-1.54082e-13,	-3.14764e-08	
246	8.317638e+05	-1.54297e-13,	-3.29598e-08	
247	8.709636e+05	-1.54532e-13,	-3.45132e-08	
248	9.120108e+05	-1.54789e-13,	-3.61397e-08	
249	9.549926e+05	-1.55072e-13,	-3.78430e-08	
250	1.000000e+06	-1.55382e-13,	-3.96264e-08	
251	1.047129e+06	-1.55722e-13,	-4.14940e-08	
252	1.096478e+06	-1.56095e-13,	-4.34495e-08	
253	1.148154e+06	-1.56503e-13,	-4.54972e-08	
254	1.202264e+06	-1.56951e-13,	-4.76415e-08	
255	1.258925e+06	-1.57442e-13,	-4.98867e-08	
256	1.318257e+06	-1.57981e-13,	-5.22378e-08	
257	1.380384e+06	-1.58572e-13,	-5.46997e-08	
258	1.445440e+06	-1.59219e-13,	-5.72776e-08	
259	1.513561e+06	-1.59930e-13,	-5.99770e-08	
260	1.584893e+06	-1.60708e-13,	-6.28037e-08	
261	1.659587e+06	-1.61562e-13,	-6.57635e-08	
262	1.737801e+06	-1.62498e-13,	-6.88629e-08	
263	1.819701e+06	-1.63525e-13,	-7.21083e-08	
264	1.905461e+06	-1.64650e-13,	-7.55066e-08	
265	1.995262e+06	-1.65884e-13,	-7.90651e-08	
266	2.089296e+06	-1.67237e-13,	-8.27914e-08	
267	2.187762e+06	-1.68721e-13,	-8.66932e-08	
268	2.290868e+06	-1.70348e-13,	-9.07789e-08	
269	2.398833e+06	-1.72132e-13,	-9.50572e-08	
270	2.511886e+06	-1.74087e-13,	-9.95371e-08	
271	2.630268e+06	-1.76232e-13,	-1.04228e-07	
272	2.754229e+06	-1.78583e-13,	-1.09140e-07	
273	2.884032e+06	-1.81162e-13,	-1.14284e-07	
274	3.019952e+06	-1.83989e-13,	-1.19670e-07	
275	3.162278e+06	-1.87089e-13,	-1.25310e-07	
276	3.311311e+06	-1.90488e-13,	-1.31215e-07	
277	3.467369e+06	-1.94215e-13,	-1.37399e-07	
278	3.630781e+06	-1.98301e-13,	-1.43875e-07	
279	3.801894e+06	-2.02782e-13,	-1.50656e-07	
280	3.981072e+06	-2.07695e-13,	-1.57756e-07	
281	4.168694e+06	-2.13081e-13,	-1.65190e-07	
282	4.365158e+06	-2.18988e-13,	-1.72976e-07	
283	4.570882e+06	-2.25465e-13,	-1.81128e-07	
284	4.786301e+06	-2.32566e-13,	-1.89664e-07	
285	5.011872e+06	-2.40352e-13,	-1.98603e-07	
286	5.248075e+06	-2.48890e-13,	-2.07962e-07	

Index   frequency       v3#branch                       
--------------------------------------------------------------------------------
287	5.495409e+06	-2.58251e-13,	-2.17763e-07	
288	5.754399e+06	-2.68515e-13,	-2.28026e-07	
289	6.025596e+06	-2.79770e-13,	-2.38773e-07	
290	6.309573e+06	-2.92111e-13,	-2.50026e-07	
291	6.606934e+06	-3.05642e-13,	-2.61809e-07	
292	6.918310e+06	-3.20478e-13,	-2.74148e-07	
293	7.244360e+06	-3.36746e-13,	-2.87068e-07	
294	7.585776e+06	-3.54583e-13,	-3.00597e-07	
295	7.943282e+06	-3.74141e-13,	-3.14764e-07	
296	8.317638e+06	-3.95585e-13,	-3.29598e-07	
297	8.709636e+06	-4.19099e-13,	-3.45132e-07	
298	9.120108e+06	-4.44881e-13,	-3.61397e-07	
299	9.549926e+06	-4.73150e-13,	-3.78430e-07	
300	1.000000e+07	-5.04146e-13,	-3.96264e-07	
301	1.047129e+07	-5.38132e-13,	-4.14940e-07	
302	1.096478e+07	-5.75397e-13,	-4.34495e-07	
303	1.148154e+07	-6.16256e-13,	-4.54972e-07	
304	1.202264e+07	-6.61058e-13,	-4.76415e-07	
305	1.258925e+07	-7.10180e-13,	-4.98867e-07	
306	1.318257e+07	-7.64042e-13,	-5.22378e-07	
307	1.380384e+07	-8.23099e-13,	-5.46997e-07	
308	1.445440e+07	-8.87853e-13,	-5.72776e-07	
309	1.513561e+07	-9.58852e-13,	-5.99770e-07	
310	1.584893e+07	-1.03670e-12,	-6.28037e-07	
311	1.659587e+07	-1.12206e-12,	-6.57635e-07	
312	1.737801e+07	-1.21565e-12,	-6.88629e-07	
313	1.819701e+07	-1.31826e-12,	-7.21083e-07	
314	1.905461e+07	-1.43078e-12,	-7.55066e-07	
315	1.995262e+07	-1.55414e-12,	-7.90651e-07	
316	2.089296e+07	-1.68940e-12,	-8.27914e-07	
317	2.187762e+07	-1.83771e-12,	-8.66932e-07	
318	2.290868e+07	-2.00032e-12,	-9.07789e-07	
319	2.398833e+07	-2.17860e-12,	-9.50572e-07	
320	2.511886e+07	-2.37408e-12,	-9.95371e-07	
321	2.630268e+07	-2.58841e-12,	-1.04228e-06	
322	2.754229e+07	-2.82340e-12,	-1.09140e-06	
323	2.884032e+07	-3.08104e-12,	-1.14284e-06	
324	3.019952e+07	-3.36352e-12,	-1.19670e-06	
325	3.162278e+07	-3.67323e-12,	-1.25310e-06	
326	3.311311e+07	-4.01279e-12,	-1.31215e-06	
327	3.467369e+07	-4.38507e-12,	-1.37399e-06	
328	3.630781e+07	-4.79323e-12,	-1.43875e-06	
329	3.801894e+07	-5.24072e-12,	-1.50655e-06	
330	3.981072e+07	-5.73131e-12,	-1.57756e-06	
331	4.168694e+07	-6.26917e-12,	-1.65190e-06	
332	4.365158e+07	-6.85882e-12,	-1.72976e-06	
333	4.570882e+07	-7.50526e-12,	-1.81128e-06	
334	4.786301e+07	-8.21394e-12,	-1.89664e-06	
335	5.011872e+07	-8.99083e-12,	-1.98603e-06	
336	5.248075e+07	-9.84250e-12,	-2.07962e-06	
337	5.495409e+07	-1.07761e-11,	-2.17763e-06	
338	5.754399e+07	-1.17995e-11,	-2.28026e-06	
339	6.025596e+07	-1.29213e-11,	-2.38773e-06	
340	6.309573e+07	-1.41510e-11,	-2.50026e-06	
341	6.606934e+07	-1.54989e-11,	-2.61809e-06	
342	6.918310e+07	-1.69762e-11,	-2.74148e-06	
343	7.244360e+07	-1.85954e-11,	-2.87068e-06	
344	7.585776e+07	-2.03700e-11,	-3.00597e-06	

Index   frequency       v3#branch                       
--------------------------------------------------------------------------------
345	7.943282e+07	-2.23149e-11,	-3.14764e-06	
346	8.317638e+07	-2.44462e-11,	-3.29598e-06	
347	8.709636e+07	-2.67818e-11,	-3.45132e-06	
348	9.120108e+07	-2.93411e-11,	-3.61397e-06	
349	9.549926e+07	-3.21453e-11,	-3.78429e-06	
350	1.000000e+08	-3.52176e-11,	-3.96264e-06	
351	1.047129e+08	-3.85836e-11,	-4.14940e-06	
352	1.096478e+08	-4.22708e-11,	-4.34495e-06	
353	1.148154e+08	-4.63098e-11,	-4.54972e-06	
354	1.202264e+08	-5.07335e-11,	-4.76414e-06	
355	1.258925e+08	-5.55782e-11,	-4.98867e-06	
356	1.318257e+08	-6.08833e-11,	-5.22378e-06	
357	1.380384e+08	-6.66918e-11,	-5.46997e-06	
358	1.445440e+08	-7.30509e-11,	-5.72776e-06	
359	1.513561e+08	-8.00116e-11,	-5.99770e-06	
360	1.584893e+08	-8.76296e-11,	-6.28036e-06	
361	1.659587e+08	-9.59658e-11,	-6.57635e-06	
362	1.737801e+08	-1.05086e-10,	-6.88628e-06	
363	1.819701e+08	-1.15063e-10,	-7.21082e-06	
364	1.905461e+08	-1.25973e-10,	-7.55065e-06	
365	1.995262e+08	-1.37903e-10,	-7.90650e-06	
366	2.089296e+08	-1.50943e-10,	-8.27912e-06	
367	2.187762e+08	-1.65195e-10,	-8.66931e-06	
368	2.290868e+08	-1.80766e-10,	-9.07788e-06	
369	2.398833e+08	-1.97773e-10,	-9.50570e-06	
370	2.511886e+08	-2.16343e-10,	-9.95369e-06	
371	2.630268e+08	-2.36614e-10,	-1.04228e-05	
372	2.754229e+08	-2.58733e-10,	-1.09140e-05	
373	2.884032e+08	-2.82860e-10,	-1.14284e-05	
374	3.019952e+08	-3.09169e-10,	-1.19670e-05	
375	3.162278e+08	-3.37845e-10,	-1.25309e-05	
376	3.311311e+08	-3.69088e-10,	-1.31215e-05	
377	3.467369e+08	-4.03115e-10,	-1.37399e-05	
378	3.630781e+08	-4.40158e-10,	-1.43874e-05	
379	3.801894e+08	-4.80468e-10,	-1.50655e-05	
380	3.981072e+08	-5.24312e-10,	-1.57755e-05	
381	4.168694e+08	-5.71983e-10,	-1.65190e-05	
382	4.365158e+08	-6.23791e-10,	-1.72975e-05	
383	4.570882e+08	-6.80075e-10,	-1.81127e-05	
384	4.786301e+08	-7.41196e-10,	-1.89663e-05	
385	5.011872e+08	-8.07547e-10,	-1.98601e-05	
386	5.248075e+08	-8.79554e-10,	-2.07961e-05	
387	5.495409e+08	-9.57674e-10,	-2.17762e-05	
388	5.754399e+08	-1.04241e-09,	-2.28025e-05	
389	6.025596e+08	-1.13430e-09,	-2.38771e-05	
390	6.309573e+08	-1.23394e-09,	-2.50024e-05	
391	6.606934e+08	-1.34197e-09,	-2.61807e-05	
392	6.918310e+08	-1.45910e-09,	-2.74145e-05	
393	7.244360e+08	-1.58610e-09,	-2.87065e-05	
394	7.585776e+08	-1.72383e-09,	-3.00594e-05	
395	7.943282e+08	-1.87323e-09,	-3.14760e-05	
396	8.317638e+08	-2.03531e-09,	-3.29594e-05	
397	8.709636e+08	-2.21123e-09,	-3.45127e-05	
398	9.120108e+08	-2.40222e-09,	-3.61393e-05	
399	9.549926e+08	-2.60968e-09,	-3.78424e-05	
400	1.000000e+09	-2.83513e-09,	-3.96259e-05	

                                kicad schematic
                                AC Analysis  Tue Oct 14 19:02:42  2025
--------------------------------------------------------------------------------
Index   frequency       v4#branch                       
--------------------------------------------------------------------------------
0	1.000000e+01	2.236309e-15,	4.162737e-13	
1	1.047129e+01	2.448869e-15,	4.358662e-13	
2	1.096478e+01	2.681300e-15,	4.563782e-13	
3	1.148154e+01	2.935395e-15,	4.778526e-13	
4	1.202264e+01	3.213095e-15,	5.003342e-13	
5	1.258925e+01	3.516497e-15,	5.238697e-13	
6	1.318257e+01	3.847869e-15,	5.485080e-13	
7	1.380384e+01	4.209656e-15,	5.743002e-13	
8	1.445440e+01	4.604490e-15,	6.012997e-13	
9	1.513561e+01	5.035201e-15,	6.295621e-13	
10	1.584893e+01	5.504823e-15,	6.591457e-13	
11	1.659587e+01	6.016604e-15,	6.901113e-13	
12	1.737801e+01	6.574011e-15,	7.225224e-13	
13	1.819701e+01	7.180736e-15,	7.564453e-13	
14	1.905461e+01	7.840697e-15,	7.919489e-13	
15	1.995262e+01	8.558037e-15,	8.291057e-13	
16	2.089296e+01	9.337126e-15,	8.679906e-13	
17	2.187762e+01	1.018255e-14,	9.086824e-13	
18	2.290868e+01	1.109908e-14,	9.512629e-13	
19	2.398833e+01	1.209171e-14,	9.958173e-13	
20	2.511886e+01	1.316557e-14,	1.042435e-12	
21	2.630268e+01	1.432591e-14,	1.091208e-12	
22	2.754229e+01	1.557810e-14,	1.142234e-12	
23	2.884032e+01	1.692753e-14,	1.195613e-12	
24	3.019952e+01	1.837959e-14,	1.251451e-12	
25	3.162278e+01	1.993958e-14,	1.309856e-12	
26	3.311311e+01	2.161265e-14,	1.370944e-12	
27	3.467369e+01	2.340367e-14,	1.434833e-12	
28	3.630781e+01	2.531719e-14,	1.501647e-12	
29	3.801894e+01	2.735730e-14,	1.571517e-12	
30	3.981072e+01	2.952750e-14,	1.644578e-12	
31	4.168694e+01	3.183063e-14,	1.720971e-12	
32	4.365158e+01	3.426866e-14,	1.800844e-12	
33	4.570882e+01	3.684266e-14,	1.884352e-12	
34	4.786301e+01	3.955261e-14,	1.971657e-12	
35	5.011872e+01	4.239734e-14,	2.062929e-12	
36	5.248075e+01	4.537437e-14,	2.158346e-12	
37	5.495409e+01	4.847991e-14,	2.258094e-12	
38	5.754399e+01	5.170875e-14,	2.362372e-12	
39	6.025596e+01	5.505425e-14,	2.471384e-12	
40	6.309573e+01	5.850837e-14,	2.585349e-12	
41	6.606934e+01	6.206171e-14,	2.704495e-12	
42	6.918310e+01	6.570359e-14,	2.829064e-12	
43	7.244360e+01	6.942220e-14,	2.959310e-12	
44	7.585776e+01	7.320474e-14,	3.095500e-12	
45	7.943282e+01	7.703765e-14,	3.237917e-12	
46	8.317638e+01	8.090683e-14,	3.386858e-12	
47	8.709636e+01	8.479789e-14,	3.542637e-12	
48	9.120108e+01	8.869640e-14,	3.705584e-12	
49	9.549926e+01	9.258821e-14,	3.876045e-12	
50	1.000000e+02	9.645966e-14,	4.054386e-12	
51	1.047129e+02	1.002979e-13,	4.240990e-12	
52	1.096478e+02	1.040909e-13,	4.436261e-12	
53	1.148154e+02	1.078281e-13,	4.640622e-12	
54	1.202264e+02	1.115001e-13,	4.854516e-12	

Index   frequency       v4#branch                       
--------------------------------------------------------------------------------
55	1.258925e+02	1.150990e-13,	5.078407e-12	
56	1.318257e+02	1.186184e-13,	5.312783e-12	
57	1.380384e+02	1.220536e-13,	5.558153e-12	
58	1.445440e+02	1.254015e-13,	5.815051e-12	
59	1.513561e+02	1.286603e-13,	6.084034e-12	
60	1.584893e+02	1.318299e-13,	6.365686e-12	
61	1.659587e+02	1.349117e-13,	6.660615e-12	
62	1.737801e+02	1.379080e-13,	6.969459e-12	
63	1.819701e+02	1.408225e-13,	7.292884e-12	
64	1.905461e+02	1.436598e-13,	7.631586e-12	
65	1.995262e+02	1.464253e-13,	7.986291e-12	
66	2.089296e+02	1.491250e-13,	8.357760e-12	
67	2.187762e+02	1.517655e-13,	8.746788e-12	
68	2.290868e+02	1.543534e-13,	9.154203e-12	
69	2.398833e+02	1.568958e-13,	9.580876e-12	
70	2.511886e+02	1.593995e-13,	1.002771e-11	
71	2.630268e+02	1.618712e-13,	1.049566e-11	
72	2.754229e+02	1.643171e-13,	1.098572e-11	
73	2.884032e+02	1.667431e-13,	1.149892e-11	
74	3.019952e+02	1.691543e-13,	1.203635e-11	
75	3.162278e+02	1.715549e-13,	1.259916e-11	
76	3.311311e+02	1.739484e-13,	1.318852e-11	
77	3.467369e+02	1.763372e-13,	1.380568e-11	
78	3.630781e+02	1.787223e-13,	1.445196e-11	
79	3.801894e+02	1.811039e-13,	1.512871e-11	
80	3.981072e+02	1.834808e-13,	1.583737e-11	
81	4.168694e+02	1.858504e-13,	1.657943e-11	
82	4.365158e+02	1.882089e-13,	1.735646e-11	
83	4.570882e+02	1.905513e-13,	1.817012e-11	
84	4.786301e+02	1.928713e-13,	1.902211e-11	
85	5.011872e+02	1.951614e-13,	1.991424e-11	
86	5.248075e+02	1.974132e-13,	2.084842e-11	
87	5.495409e+02	1.996174e-13,	2.182660e-11	
88	5.754399e+02	2.017638e-13,	2.285088e-11	
89	6.025596e+02	2.038419e-13,	2.392343e-11	
90	6.309573e+02	2.058406e-13,	2.504653e-11	
91	6.606934e+02	2.077485e-13,	2.622256e-11	
92	6.918310e+02	2.095545e-13,	2.745402e-11	
93	7.244360e+02	2.112473e-13,	2.874355e-11	
94	7.585776e+02	2.128163e-13,	3.009388e-11	
95	7.943282e+02	2.142510e-13,	3.150788e-11	
96	8.317638e+02	2.155418e-13,	3.298858e-11	
97	8.709636e+02	2.166799e-13,	3.453913e-11	
98	9.120108e+02	2.176570e-13,	3.616282e-11	
99	9.549926e+02	2.184663e-13,	3.786313e-11	
100	1.000000e+03	2.191017e-13,	3.964368e-11	
101	1.047129e+03	2.195582e-13,	4.150826e-11	
102	1.096478e+03	2.198321e-13,	4.346084e-11	
103	1.148154e+03	2.199208e-13,	4.550559e-11	
104	1.202264e+03	2.198232e-13,	4.764686e-11	
105	1.258925e+03	2.195392e-13,	4.988922e-11	
106	1.318257e+03	2.190701e-13,	5.223744e-11	
107	1.380384e+03	2.184186e-13,	5.469652e-11	
108	1.445440e+03	2.175889e-13,	5.727170e-11	
109	1.513561e+03	2.165863e-13,	5.996846e-11	
110	1.584893e+03	2.154177e-13,	6.279254e-11	
111	1.659587e+03	2.140914e-13,	6.574995e-11	
112	1.737801e+03	2.126169e-13,	6.884697e-11	

Index   frequency       v4#branch                       
--------------------------------------------------------------------------------
113	1.819701e+03	2.110051e-13,	7.209020e-11	
114	1.905461e+03	2.092680e-13,	7.548652e-11	
115	1.995262e+03	2.074188e-13,	7.904315e-11	
116	2.089296e+03	2.054716e-13,	8.276765e-11	
117	2.187762e+03	2.034412e-13,	8.666793e-11	
118	2.290868e+03	2.013431e-13,	9.075226e-11	
119	2.398833e+03	1.991931e-13,	9.502932e-11	
120	2.511886e+03	1.970071e-13,	9.950819e-11	
121	2.630268e+03	1.948006e-13,	1.041984e-10	
122	2.754229e+03	1.925892e-13,	1.091098e-10	
123	2.884032e+03	1.903873e-13,	1.142528e-10	
124	3.019952e+03	1.882088e-13,	1.196385e-10	
125	3.162278e+03	1.860665e-13,	1.252781e-10	
126	3.311311e+03	1.839717e-13,	1.311837e-10	
127	3.467369e+03	1.819345e-13,	1.373677e-10	
128	3.630781e+03	1.799638e-13,	1.438433e-10	
129	3.801894e+03	1.780665e-13,	1.506242e-10	
130	3.981072e+03	1.762486e-13,	1.577247e-10	
131	4.168694e+03	1.745142e-13,	1.651600e-10	
132	4.365158e+03	1.728663e-13,	1.729457e-10	
133	4.570882e+03	1.713067e-13,	1.810984e-10	
134	4.786301e+03	1.698357e-13,	1.896353e-10	
135	5.011872e+03	1.684530e-13,	1.985746e-10	
136	5.248075e+03	1.671573e-13,	2.079352e-10	
137	5.495409e+03	1.659465e-13,	2.177369e-10	
138	5.754399e+03	1.648178e-13,	2.280006e-10	
139	6.025596e+03	1.637683e-13,	2.387479e-10	
140	6.309573e+03	1.627944e-13,	2.500018e-10	
141	6.606934e+03	1.618924e-13,	2.617859e-10	
142	6.918310e+03	1.610585e-13,	2.741254e-10	
143	7.244360e+03	1.602887e-13,	2.870464e-10	
144	7.585776e+03	1.595791e-13,	3.005763e-10	
145	7.943282e+03	1.589258e-13,	3.147438e-10	
146	8.317638e+03	1.583250e-13,	3.295790e-10	
147	8.709636e+03	1.577731e-13,	3.451132e-10	
148	9.120108e+03	1.572664e-13,	3.613795e-10	
149	9.549926e+03	1.568017e-13,	3.784123e-10	
150	1.000000e+04	1.563757e-13,	3.962479e-10	
151	1.047129e+04	1.559855e-13,	4.149239e-10	
152	1.096478e+04	1.556283e-13,	4.344801e-10	
153	1.148154e+04	1.553014e-13,	4.549578e-10	
154	1.202264e+04	1.550023e-13,	4.764006e-10	
155	1.258925e+04	1.547289e-13,	4.988539e-10	
156	1.318257e+04	1.544789e-13,	5.223654e-10	
157	1.380384e+04	1.542505e-13,	5.469849e-10	
158	1.445440e+04	1.540418e-13,	5.727646e-10	
159	1.513561e+04	1.538511e-13,	5.997592e-10	
160	1.584893e+04	1.536770e-13,	6.280260e-10	
161	1.659587e+04	1.535181e-13,	6.576249e-10	
162	1.737801e+04	1.533730e-13,	6.886187e-10	
163	1.819701e+04	1.532405e-13,	7.210732e-10	
164	1.905461e+04	1.531196e-13,	7.550572e-10	
165	1.995262e+04	1.530092e-13,	7.906428e-10	
166	2.089296e+04	1.529086e-13,	8.279054e-10	
167	2.187762e+04	1.528167e-13,	8.669241e-10	
168	2.290868e+04	1.527329e-13,	9.077817e-10	
169	2.398833e+04	1.526565e-13,	9.505648e-10	
170	2.511886e+04	1.525868e-13,	9.953642e-10	

Index   frequency       v4#branch                       
--------------------------------------------------------------------------------
171	2.630268e+04	1.525233e-13,	1.042275e-09	
172	2.754229e+04	1.524653e-13,	1.091396e-09	
173	2.884032e+04	1.524125e-13,	1.142833e-09	
174	3.019952e+04	1.523644e-13,	1.196694e-09	
175	3.162278e+04	1.523205e-13,	1.253092e-09	
176	3.311311e+04	1.522806e-13,	1.312149e-09	
177	3.467369e+04	1.522442e-13,	1.373990e-09	
178	3.630781e+04	1.522111e-13,	1.438744e-09	
179	3.801894e+04	1.521809e-13,	1.506551e-09	
180	3.981072e+04	1.521535e-13,	1.577552e-09	
181	4.168694e+04	1.521286e-13,	1.651901e-09	
182	4.365158e+04	1.521060e-13,	1.729753e-09	
183	4.570882e+04	1.520855e-13,	1.811274e-09	
184	4.786301e+04	1.520669e-13,	1.896637e-09	
185	5.011872e+04	1.520500e-13,	1.986023e-09	
186	5.248075e+04	1.520348e-13,	2.079622e-09	
187	5.495409e+04	1.520211e-13,	2.177631e-09	
188	5.754399e+04	1.520088e-13,	2.280260e-09	
189	6.025596e+04	1.519977e-13,	2.387726e-09	
190	6.309573e+04	1.519878e-13,	2.500256e-09	
191	6.606934e+04	1.519790e-13,	2.618090e-09	
192	6.918310e+04	1.519713e-13,	2.741477e-09	
193	7.244360e+04	1.519645e-13,	2.870679e-09	
194	7.585776e+04	1.519585e-13,	3.005970e-09	
195	7.943282e+04	1.519535e-13,	3.147638e-09	
196	8.317638e+04	1.519492e-13,	3.295981e-09	
197	8.709636e+04	1.519457e-13,	3.451316e-09	
198	9.120108e+04	1.519430e-13,	3.613972e-09	
199	9.549926e+04	1.519410e-13,	3.784293e-09	
200	1.000000e+05	1.519397e-13,	3.962642e-09	
201	1.047129e+05	1.519390e-13,	4.149396e-09	
202	1.096478e+05	1.519391e-13,	4.344951e-09	
203	1.148154e+05	1.519398e-13,	4.549722e-09	
204	1.202264e+05	1.519412e-13,	4.764144e-09	
205	1.258925e+05	1.519433e-13,	4.988671e-09	
206	1.318257e+05	1.519462e-13,	5.223780e-09	
207	1.380384e+05	1.519497e-13,	5.469970e-09	
208	1.445440e+05	1.519541e-13,	5.727761e-09	
209	1.513561e+05	1.519593e-13,	5.997703e-09	
210	1.584893e+05	1.519653e-13,	6.280366e-09	
211	1.659587e+05	1.519722e-13,	6.576350e-09	
212	1.737801e+05	1.519801e-13,	6.886284e-09	
213	1.819701e+05	1.519890e-13,	7.210825e-09	
214	1.905461e+05	1.519991e-13,	7.550661e-09	
215	1.995262e+05	1.520103e-13,	7.906513e-09	
216	2.089296e+05	1.520228e-13,	8.279135e-09	
217	2.187762e+05	1.520367e-13,	8.669319e-09	
218	2.290868e+05	1.520522e-13,	9.077891e-09	
219	2.398833e+05	1.520692e-13,	9.505719e-09	
220	2.511886e+05	1.520881e-13,	9.953710e-09	
221	2.630268e+05	1.521089e-13,	1.042281e-08	
222	2.754229e+05	1.521318e-13,	1.091403e-08	
223	2.884032e+05	1.521571e-13,	1.142839e-08	
224	3.019952e+05	1.521849e-13,	1.196699e-08	
225	3.162278e+05	1.522154e-13,	1.253098e-08	
226	3.311311e+05	1.522490e-13,	1.312155e-08	
227	3.467369e+05	1.522859e-13,	1.373995e-08	
228	3.630781e+05	1.523264e-13,	1.438749e-08	

Index   frequency       v4#branch                       
--------------------------------------------------------------------------------
229	3.801894e+05	1.523709e-13,	1.506555e-08	
230	3.981072e+05	1.524198e-13,	1.577557e-08	
231	4.168694e+05	1.524734e-13,	1.651905e-08	
232	4.365158e+05	1.525322e-13,	1.729757e-08	
233	4.570882e+05	1.525968e-13,	1.811278e-08	
234	4.786301e+05	1.526676e-13,	1.896640e-08	
235	5.011872e+05	1.527453e-13,	1.986026e-08	
236	5.248075e+05	1.528305e-13,	2.079625e-08	
237	5.495409e+05	1.529240e-13,	2.177635e-08	
238	5.754399e+05	1.530265e-13,	2.280263e-08	
239	6.025596e+05	1.531389e-13,	2.387729e-08	
240	6.309573e+05	1.532622e-13,	2.500259e-08	
241	6.606934e+05	1.533974e-13,	2.618093e-08	
242	6.918310e+05	1.535457e-13,	2.741480e-08	
243	7.244360e+05	1.537083e-13,	2.870681e-08	
244	7.585776e+05	1.538866e-13,	3.005973e-08	
245	7.943282e+05	1.540821e-13,	3.147640e-08	
246	8.317638e+05	1.542965e-13,	3.295983e-08	
247	8.709636e+05	1.545316e-13,	3.451318e-08	
248	9.120108e+05	1.547894e-13,	3.613974e-08	
249	9.549926e+05	1.550721e-13,	3.784295e-08	
250	1.000000e+06	1.553820e-13,	3.962644e-08	
251	1.047129e+06	1.557219e-13,	4.149397e-08	
252	1.096478e+06	1.560945e-13,	4.344952e-08	
253	1.148154e+06	1.565031e-13,	4.549724e-08	
254	1.202264e+06	1.569512e-13,	4.764145e-08	
255	1.258925e+06	1.574424e-13,	4.988673e-08	
256	1.318257e+06	1.579811e-13,	5.223782e-08	
257	1.380384e+06	1.585718e-13,	5.469971e-08	
258	1.445440e+06	1.592194e-13,	5.727763e-08	
259	1.513561e+06	1.599295e-13,	5.997704e-08	
260	1.584893e+06	1.607082e-13,	6.280367e-08	
261	1.659587e+06	1.615619e-13,	6.576351e-08	
262	1.737801e+06	1.624981e-13,	6.886285e-08	
263	1.819701e+06	1.635245e-13,	7.210826e-08	
264	1.905461e+06	1.646500e-13,	7.550662e-08	
265	1.995262e+06	1.658841e-13,	7.906513e-08	
266	2.089296e+06	1.672372e-13,	8.279136e-08	
267	2.187762e+06	1.687209e-13,	8.669320e-08	
268	2.290868e+06	1.703477e-13,	9.077892e-08	
269	2.398833e+06	1.721315e-13,	9.505720e-08	
270	2.511886e+06	1.740874e-13,	9.953711e-08	
271	2.630268e+06	1.762320e-13,	1.042281e-07	
272	2.754229e+06	1.785835e-13,	1.091403e-07	
273	2.884032e+06	1.811618e-13,	1.142839e-07	
274	3.019952e+06	1.839889e-13,	1.196699e-07	
275	3.162278e+06	1.870888e-13,	1.253098e-07	
276	3.311311e+06	1.904877e-13,	1.312155e-07	
277	3.467369e+06	1.942146e-13,	1.373995e-07	
278	3.630781e+06	1.983010e-13,	1.438749e-07	
279	3.801894e+06	2.027816e-13,	1.506555e-07	
280	3.981072e+06	2.076945e-13,	1.577557e-07	
281	4.168694e+06	2.130814e-13,	1.651905e-07	
282	4.365158e+06	2.189880e-13,	1.729757e-07	
283	4.570882e+06	2.254645e-13,	1.811278e-07	
284	4.786301e+06	2.325658e-13,	1.896640e-07	
285	5.011872e+06	2.403522e-13,	1.986026e-07	
286	5.248075e+06	2.488898e-13,	2.079625e-07	

Index   frequency       v4#branch                       
--------------------------------------------------------------------------------
287	5.495409e+06	2.582511e-13,	2.177635e-07	
288	5.754399e+06	2.685155e-13,	2.280263e-07	
289	6.025596e+06	2.797701e-13,	2.387729e-07	
290	6.309573e+06	2.921106e-13,	2.500259e-07	
291	6.606934e+06	3.056415e-13,	2.618093e-07	
292	6.918310e+06	3.204779e-13,	2.741480e-07	
293	7.244360e+06	3.367456e-13,	2.870681e-07	
294	7.585776e+06	3.545827e-13,	3.005973e-07	
295	7.943282e+06	3.741405e-13,	3.147640e-07	
296	8.317638e+06	3.955852e-13,	3.295983e-07	
297	8.709636e+06	4.190987e-13,	3.451318e-07	
298	9.120108e+06	4.448805e-13,	3.613974e-07	
299	9.549926e+06	4.731495e-13,	3.784295e-07	
300	1.000000e+07	5.041456e-13,	3.962644e-07	
301	1.047129e+07	5.381319e-13,	4.149397e-07	
302	1.096478e+07	5.753967e-13,	4.344952e-07	
303	1.148154e+07	6.162563e-13,	4.549724e-07	
304	1.202264e+07	6.610575e-13,	4.764145e-07	
305	1.258925e+07	7.101805e-13,	4.988673e-07	
306	1.318257e+07	7.640419e-13,	5.223782e-07	
307	1.380384e+07	8.230989e-13,	5.469971e-07	
308	1.445440e+07	8.878526e-13,	5.727763e-07	
309	1.513561e+07	9.588523e-13,	5.997704e-07	
310	1.584893e+07	1.036700e-12,	6.280367e-07	
311	1.659587e+07	1.122057e-12,	6.576351e-07	
312	1.737801e+07	1.215647e-12,	6.886285e-07	
313	1.819701e+07	1.318263e-12,	7.210826e-07	
314	1.905461e+07	1.430776e-12,	7.550662e-07	
315	1.995262e+07	1.554141e-12,	7.906513e-07	
316	2.089296e+07	1.689402e-12,	8.279136e-07	
317	2.187762e+07	1.837708e-12,	8.669319e-07	
318	2.290868e+07	2.000316e-12,	9.077892e-07	
319	2.398833e+07	2.178603e-12,	9.505720e-07	
320	2.511886e+07	2.374081e-12,	9.953710e-07	
321	2.630268e+07	2.588407e-12,	1.042281e-06	
322	2.754229e+07	2.823396e-12,	1.091403e-06	
323	2.884032e+07	3.081040e-12,	1.142839e-06	
324	3.019952e+07	3.363520e-12,	1.196699e-06	
325	3.162278e+07	3.673229e-12,	1.253098e-06	
326	3.311311e+07	4.012789e-12,	1.312155e-06	
327	3.467369e+07	4.385073e-12,	1.373994e-06	
328	3.630781e+07	4.793231e-12,	1.438749e-06	
329	3.801894e+07	5.240717e-12,	1.506555e-06	
330	3.981072e+07	5.731313e-12,	1.577557e-06	
331	4.168694e+07	6.269167e-12,	1.651905e-06	
332	4.365158e+07	6.858824e-12,	1.729757e-06	
333	4.570882e+07	7.505262e-12,	1.811277e-06	
334	4.786301e+07	8.213939e-12,	1.896640e-06	
335	5.011872e+07	8.990833e-12,	1.986026e-06	
336	5.248075e+07	9.842496e-12,	2.079625e-06	
337	5.495409e+07	1.077610e-11,	2.177634e-06	
338	5.754399e+07	1.179951e-11,	2.280263e-06	
339	6.025596e+07	1.292134e-11,	2.387729e-06	
340	6.309573e+07	1.415101e-11,	2.500259e-06	
341	6.606934e+07	1.549886e-11,	2.618092e-06	
342	6.918310e+07	1.697619e-11,	2.741479e-06	
343	7.244360e+07	1.859538e-11,	2.870681e-06	
344	7.585776e+07	2.036999e-11,	3.005972e-06	

Index   frequency       v4#branch                       
--------------------------------------------------------------------------------
345	7.943282e+07	2.231485e-11,	3.147639e-06	
346	8.317638e+07	2.444620e-11,	3.295983e-06	
347	8.709636e+07	2.678179e-11,	3.451317e-06	
348	9.120108e+07	2.934106e-11,	3.613973e-06	
349	9.549926e+07	3.214527e-11,	3.784294e-06	
350	1.000000e+08	3.521764e-11,	3.962642e-06	
351	1.047129e+08	3.858357e-11,	4.149396e-06	
352	1.096478e+08	4.227084e-11,	4.344950e-06	
353	1.148154e+08	4.630977e-11,	4.549721e-06	
354	1.202264e+08	5.073349e-11,	4.764143e-06	
355	1.258925e+08	5.557816e-11,	4.988670e-06	
356	1.318257e+08	6.088326e-11,	5.223778e-06	
357	1.380384e+08	6.669185e-11,	5.469967e-06	
358	1.445440e+08	7.305089e-11,	5.727759e-06	
359	1.513561e+08	8.001156e-11,	5.997699e-06	
360	1.584893e+08	8.762963e-11,	6.280361e-06	
361	1.659587e+08	9.596582e-11,	6.576345e-06	
362	1.737801e+08	1.050862e-10,	6.886278e-06	
363	1.819701e+08	1.150626e-10,	7.210818e-06	
364	1.905461e+08	1.259732e-10,	7.550652e-06	
365	1.995262e+08	1.379027e-10,	7.906503e-06	
366	2.089296e+08	1.509434e-10,	8.279124e-06	
367	2.187762e+08	1.651949e-10,	8.669306e-06	
368	2.290868e+08	1.807656e-10,	9.077876e-06	
369	2.398833e+08	1.977727e-10,	9.505702e-06	
370	2.511886e+08	2.163430e-10,	9.953690e-06	
371	2.630268e+08	2.366136e-10,	1.042279e-05	
372	2.754229e+08	2.587327e-10,	1.091400e-05	
373	2.884032e+08	2.828604e-10,	1.142836e-05	
374	3.019952e+08	3.091690e-10,	1.196696e-05	
375	3.162278e+08	3.378449e-10,	1.253094e-05	
376	3.311311e+08	3.690883e-10,	1.312150e-05	
377	3.467369e+08	4.031153e-10,	1.373990e-05	
378	3.630781e+08	4.401583e-10,	1.438743e-05	
379	3.801894e+08	4.804675e-10,	1.506549e-05	
380	3.981072e+08	5.243124e-10,	1.577550e-05	
381	4.168694e+08	5.719829e-10,	1.651897e-05	
382	4.365158e+08	6.237915e-10,	1.729748e-05	
383	4.570882e+08	6.800748e-10,	1.811267e-05	
384	4.786301e+08	7.411960e-10,	1.896629e-05	
385	5.011872e+08	8.075475e-10,	1.986013e-05	
386	5.248075e+08	8.795536e-10,	2.079610e-05	
387	5.495409e+08	9.576740e-10,	2.177618e-05	
388	5.754399e+08	1.042408e-09,	2.280245e-05	
389	6.025596e+08	1.134298e-09,	2.387709e-05	
390	6.309573e+08	1.233935e-09,	2.500237e-05	
391	6.606934e+08	1.341966e-09,	2.618068e-05	
392	6.918310e+08	1.459097e-09,	2.741452e-05	
393	7.244360e+08	1.586102e-09,	2.870651e-05	
394	7.585776e+08	1.723834e-09,	3.005939e-05	
395	7.943282e+08	1.873227e-09,	3.147603e-05	
396	8.317638e+08	2.035313e-09,	3.295943e-05	
397	8.709636e+08	2.211226e-09,	3.451274e-05	
398	9.120108e+08	2.402221e-09,	3.613925e-05	
399	9.549926e+08	2.609680e-09,	3.784242e-05	
400	1.000000e+09	2.835130e-09,	3.962586e-05	

                                kicad schematic
                                AC Analysis  Tue Oct 14 19:02:42  2025
--------------------------------------------------------------------------------
Index   frequency       v6#branch                       
--------------------------------------------------------------------------------
0	1.000000e+01	9.495696e-14,	1.175131e-13	
1	1.047129e+01	1.081734e-13,	1.211626e-13	
2	1.096478e+01	1.226176e-13,	1.247104e-13	
3	1.148154e+01	1.383988e-13,	1.281127e-13	
4	1.202264e+01	1.556348e-13,	1.313182e-13	
5	1.258925e+01	1.744527e-13,	1.342673e-13	
6	1.318257e+01	1.949893e-13,	1.368905e-13	
7	1.380384e+01	2.173915e-13,	1.391072e-13	
8	1.445440e+01	2.418169e-13,	1.408247e-13	
9	1.513561e+01	2.684339e-13,	1.419358e-13	
10	1.584893e+01	2.974224e-13,	1.423174e-13	
11	1.659587e+01	3.289733e-13,	1.418284e-13	
12	1.737801e+01	3.632894e-13,	1.403075e-13	
13	1.819701e+01	4.005846e-13,	1.375707e-13	
14	1.905461e+01	4.410838e-13,	1.334084e-13	
15	1.995262e+01	4.850225e-13,	1.275832e-13	
16	2.089296e+01	5.326456e-13,	1.198259e-13	
17	2.187762e+01	5.842064e-13,	1.098327e-13	
18	2.290868e+01	6.399651e-13,	9.726179e-14	
19	2.398833e+01	7.001863e-13,	8.172914e-14	
20	2.511886e+01	7.651365e-13,	6.280515e-14	
21	2.630268e+01	8.350809e-13,	4.001059e-14	
22	2.754229e+01	9.102795e-13,	1.281270e-14	
23	2.884032e+01	9.909819e-13,	-1.93786e-14	
24	3.019952e+01	1.077422e-12,	-5.72142e-14	
25	3.162278e+01	1.169813e-12,	-1.01409e-13	
26	3.311311e+01	1.268337e-12,	-1.52747e-13	
27	3.467369e+01	1.373139e-12,	-2.12077e-13	
28	3.630781e+01	1.484318e-12,	-2.80322e-13	
29	3.801894e+01	1.601915e-12,	-3.58476e-13	
30	3.981072e+01	1.725906e-12,	-4.47600e-13	
31	4.168694e+01	1.856187e-12,	-5.48826e-13	
32	4.365158e+01	1.992562e-12,	-6.63347e-13	
33	4.570882e+01	2.134737e-12,	-7.92414e-13	
34	4.786301e+01	2.282299e-12,	-9.37331e-13	
35	5.011872e+01	2.434715e-12,	-1.09944e-12	
36	5.248075e+01	2.591312e-12,	-1.28011e-12	
37	5.495409e+01	2.751275e-12,	-1.48072e-12	
38	5.754399e+01	2.913636e-12,	-1.70267e-12	
39	6.025596e+01	3.077267e-12,	-1.94732e-12	
40	6.309573e+01	3.240883e-12,	-2.21600e-12	
41	6.606934e+01	3.403034e-12,	-2.50998e-12	
42	6.918310e+01	3.562111e-12,	-2.83048e-12	
43	7.244360e+01	3.716350e-12,	-3.17859e-12	
44	7.585776e+01	3.863840e-12,	-3.55531e-12	
45	7.943282e+01	4.002533e-12,	-3.96152e-12	
46	8.317638e+01	4.130254e-12,	-4.39795e-12	
47	8.709636e+01	4.244716e-12,	-4.86515e-12	
48	9.120108e+01	4.343536e-12,	-5.36355e-12	
49	9.549926e+01	4.424246e-12,	-5.89337e-12	
50	1.000000e+02	4.484310e-12,	-6.45467e-12	
51	1.047129e+02	4.521137e-12,	-7.04730e-12	
52	1.096478e+02	4.532095e-12,	-7.67097e-12	
53	1.148154e+02	4.514520e-12,	-8.32517e-12	
54	1.202264e+02	4.465723e-12,	-9.00921e-12	

Index   frequency       v6#branch                       
--------------------------------------------------------------------------------
55	1.258925e+02	4.383003e-12,	-9.72223e-12	
56	1.318257e+02	4.263647e-12,	-1.04632e-11	
57	1.380384e+02	4.104935e-12,	-1.12307e-11	
58	1.445440e+02	3.904148e-12,	-1.20235e-11	
59	1.513561e+02	3.658561e-12,	-1.28399e-11	
60	1.584893e+02	3.365458e-12,	-1.36780e-11	
61	1.659587e+02	3.022128e-12,	-1.45357e-11	
62	1.737801e+02	2.625878e-12,	-1.54107e-11	
63	1.819701e+02	2.174037e-12,	-1.63004e-11	
64	1.905461e+02	1.663977e-12,	-1.72019e-11	
65	1.995262e+02	1.093128e-12,	-1.81121e-11	
66	2.089296e+02	4.590020e-13,	-1.90276e-11	
67	2.187762e+02	-2.40774e-13,	-1.99444e-11	
68	2.290868e+02	-1.00843e-12,	-2.08584e-11	
69	2.398833e+02	-1.84598e-12,	-2.17651e-11	
70	2.511886e+02	-2.75523e-12,	-2.26594e-11	
71	2.630268e+02	-3.73765e-12,	-2.35362e-11	
72	2.754229e+02	-4.79438e-12,	-2.43896e-11	
73	2.884032e+02	-5.92613e-12,	-2.52136e-11	
74	3.019952e+02	-7.13309e-12,	-2.60017e-11	
75	3.162278e+02	-8.41492e-12,	-2.67473e-11	
76	3.311311e+02	-9.77065e-12,	-2.74434e-11	
77	3.467369e+02	-1.11986e-11,	-2.80828e-11	
78	3.630781e+02	-1.26964e-11,	-2.86581e-11	
79	3.801894e+02	-1.42607e-11,	-2.91622e-11	
80	3.981072e+02	-1.58877e-11,	-2.95877e-11	
81	4.168694e+02	-1.75724e-11,	-2.99277e-11	
82	4.365158e+02	-1.93091e-11,	-3.01755e-11	
83	4.570882e+02	-2.10914e-11,	-3.03248e-11	
84	4.786301e+02	-2.29120e-11,	-3.03699e-11	
85	5.011872e+02	-2.47629e-11,	-3.03058e-11	
86	5.248075e+02	-2.66355e-11,	-3.01282e-11	
87	5.495409e+02	-2.85209e-11,	-2.98337e-11	
88	5.754399e+02	-3.04096e-11,	-2.94200e-11	
89	6.025596e+02	-3.22918e-11,	-2.88855e-11	
90	6.309573e+02	-3.41579e-11,	-2.82298e-11	
91	6.606934e+02	-3.59981e-11,	-2.74536e-11	
92	6.918310e+02	-3.78027e-11,	-2.65585e-11	
93	7.244360e+02	-3.95627e-11,	-2.55469e-11	
94	7.585776e+02	-4.12692e-11,	-2.44224e-11	
95	7.943282e+02	-4.29140e-11,	-2.31893e-11	
96	8.317638e+02	-4.44895e-11,	-2.18524e-11	
97	8.709636e+02	-4.59888e-11,	-2.04173e-11	
98	9.120108e+02	-4.74058e-11,	-1.88903e-11	
99	9.549926e+02	-4.87352e-11,	-1.72776e-11	
100	1.000000e+03	-4.99725e-11,	-1.55860e-11	
101	1.047129e+03	-5.11140e-11,	-1.38225e-11	
102	1.096478e+03	-5.21567e-11,	-1.19940e-11	
103	1.148154e+03	-5.30984e-11,	-1.01075e-11	
104	1.202264e+03	-5.39378e-11,	-8.16991e-12	
105	1.258925e+03	-5.46741e-11,	-6.18803e-12	
106	1.318257e+03	-5.53072e-11,	-4.16844e-12	
107	1.380384e+03	-5.58375e-11,	-2.11749e-12	
108	1.445440e+03	-5.62661e-11,	-4.12707e-14	
109	1.513561e+03	-5.65947e-11,	2.054412e-12	
110	1.584893e+03	-5.68253e-11,	4.164078e-12	
111	1.659587e+03	-5.69606e-11,	6.282587e-12	
112	1.737801e+03	-5.70036e-11,	8.405165e-12	

Index   frequency       v6#branch                       
--------------------------------------------------------------------------------
113	1.819701e+03	-5.69577e-11,	1.052742e-11	
114	1.905461e+03	-5.68268e-11,	1.264539e-11	
115	1.995262e+03	-5.66152e-11,	1.475554e-11	
116	2.089296e+03	-5.63276e-11,	1.685482e-11	
117	2.187762e+03	-5.59690e-11,	1.894069e-11	
118	2.290868e+03	-5.55446e-11,	2.101115e-11	
119	2.398833e+03	-5.50601e-11,	2.306480e-11	
120	2.511886e+03	-5.45213e-11,	2.510085e-11	
121	2.630268e+03	-5.39342e-11,	2.711915e-11	
122	2.754229e+03	-5.33050e-11,	2.912025e-11	
123	2.884032e+03	-5.26398e-11,	3.110538e-11	
124	3.019952e+03	-5.19450e-11,	3.307650e-11	
125	3.162278e+03	-5.12266e-11,	3.503627e-11	
126	3.311311e+03	-5.04908e-11,	3.698805e-11	
127	3.467369e+03	-4.97432e-11,	3.893592e-11	
128	3.630781e+03	-4.89895e-11,	4.088458e-11	
129	3.801894e+03	-4.82350e-11,	4.283938e-11	
130	3.981072e+03	-4.74844e-11,	4.480624e-11	
131	4.168694e+03	-4.67423e-11,	4.679161e-11	
132	4.365158e+03	-4.60126e-11,	4.880240e-11	
133	4.570882e+03	-4.52990e-11,	5.084596e-11	
134	4.786301e+03	-4.46044e-11,	5.292996e-11	
135	5.011872e+03	-4.39315e-11,	5.506240e-11	
136	5.248075e+03	-4.32824e-11,	5.725151e-11	
137	5.495409e+03	-4.26589e-11,	5.950574e-11	
138	5.754399e+03	-4.20621e-11,	6.183370e-11	
139	6.025596e+03	-4.14930e-11,	6.424411e-11	
140	6.309573e+03	-4.09521e-11,	6.674581e-11	
141	6.606934e+03	-4.04396e-11,	6.934773e-11	
142	6.918310e+03	-3.99554e-11,	7.205885e-11	
143	7.244360e+03	-3.94992e-11,	7.488825e-11	
144	7.585776e+03	-3.90705e-11,	7.784506e-11	
145	7.943282e+03	-3.86685e-11,	8.093849e-11	
146	8.317638e+03	-3.82925e-11,	8.417786e-11	
147	8.709636e+03	-3.79414e-11,	8.757258e-11	
148	9.120108e+03	-3.76142e-11,	9.113221e-11	
149	9.549926e+03	-3.73099e-11,	9.486646e-11	
150	1.000000e+04	-3.70272e-11,	9.878522e-11	
151	1.047129e+04	-3.67651e-11,	1.028986e-10	
152	1.096478e+04	-3.65224e-11,	1.072170e-10	
153	1.148154e+04	-3.62978e-11,	1.117510e-10	
154	1.202264e+04	-3.60904e-11,	1.165115e-10	
155	1.258925e+04	-3.58990e-11,	1.215099e-10	
156	1.318257e+04	-3.57225e-11,	1.267578e-10	
157	1.380384e+04	-3.55600e-11,	1.322674e-10	
158	1.445440e+04	-3.54104e-11,	1.380510e-10	
159	1.513561e+04	-3.52728e-11,	1.441219e-10	
160	1.584893e+04	-3.51464e-11,	1.504935e-10	
161	1.659587e+04	-3.50303e-11,	1.571799e-10	
162	1.737801e+04	-3.49238e-11,	1.641959e-10	
163	1.819701e+04	-3.48261e-11,	1.715568e-10	
164	1.905461e+04	-3.47364e-11,	1.792786e-10	
165	1.995262e+04	-3.46543e-11,	1.873780e-10	
166	2.089296e+04	-3.45791e-11,	1.958727e-10	
167	2.187762e+04	-3.45102e-11,	2.047808e-10	
168	2.290868e+04	-3.44471e-11,	2.141215e-10	
169	2.398833e+04	-3.43894e-11,	2.239149e-10	
170	2.511886e+04	-3.43367e-11,	2.341819e-10	

Index   frequency       v6#branch                       
--------------------------------------------------------------------------------
171	2.630268e+04	-3.42884e-11,	2.449445e-10	
172	2.754229e+04	-3.42442e-11,	2.562255e-10	
173	2.884032e+04	-3.42039e-11,	2.680492e-10	
174	3.019952e+04	-3.41670e-11,	2.804407e-10	
175	3.162278e+04	-3.41333e-11,	2.934263e-10	
176	3.311311e+04	-3.41025e-11,	3.070338e-10	
177	3.467369e+04	-3.40744e-11,	3.212919e-10	
178	3.630781e+04	-3.40487e-11,	3.362312e-10	
179	3.801894e+04	-3.40252e-11,	3.518832e-10	
180	3.981072e+04	-3.40038e-11,	3.682812e-10	
181	4.168694e+04	-3.39842e-11,	3.854602e-10	
182	4.365158e+04	-3.39664e-11,	4.034564e-10	
183	4.570882e+04	-3.39501e-11,	4.223083e-10	
184	4.786301e+04	-3.39352e-11,	4.420557e-10	
185	5.011872e+04	-3.39216e-11,	4.627406e-10	
186	5.248075e+04	-3.39092e-11,	4.844069e-10	
187	5.495409e+04	-3.38979e-11,	5.071005e-10	
188	5.754399e+04	-3.38876e-11,	5.308696e-10	
189	6.025596e+04	-3.38781e-11,	5.557647e-10	
190	6.309573e+04	-3.38696e-11,	5.818386e-10	
191	6.606934e+04	-3.38617e-11,	6.091465e-10	
192	6.918310e+04	-3.38546e-11,	6.377465e-10	
193	7.244360e+04	-3.38480e-11,	6.676991e-10	
194	7.585776e+04	-3.38421e-11,	6.990680e-10	
195	7.943282e+04	-3.38366e-11,	7.319196e-10	
196	8.317638e+04	-3.38317e-11,	7.663237e-10	
197	8.709636e+04	-3.38272e-11,	8.023532e-10	
198	9.120108e+04	-3.38230e-11,	8.400847e-10	
199	9.549926e+04	-3.38193e-11,	8.795980e-10	
200	1.000000e+05	-3.38158e-11,	9.209770e-10	
201	1.047129e+05	-3.38127e-11,	9.643096e-10	
202	1.096478e+05	-3.38099e-11,	1.009688e-09	
203	1.148154e+05	-3.38073e-11,	1.057207e-09	
204	1.202264e+05	-3.38049e-11,	1.106969e-09	
205	1.258925e+05	-3.38027e-11,	1.159079e-09	
206	1.318257e+05	-3.38007e-11,	1.213648e-09	
207	1.380384e+05	-3.37989e-11,	1.270791e-09	
208	1.445440e+05	-3.37973e-11,	1.330629e-09	
209	1.513561e+05	-3.37958e-11,	1.393290e-09	
210	1.584893e+05	-3.37944e-11,	1.458907e-09	
211	1.659587e+05	-3.37932e-11,	1.527617e-09	
212	1.737801e+05	-3.37920e-11,	1.599568e-09	
213	1.819701e+05	-3.37910e-11,	1.674912e-09	
214	1.905461e+05	-3.37901e-11,	1.753809e-09	
215	1.995262e+05	-3.37892e-11,	1.836426e-09	
216	2.089296e+05	-3.37884e-11,	1.922938e-09	
217	2.187762e+05	-3.37877e-11,	2.013529e-09	
218	2.290868e+05	-3.37871e-11,	2.108390e-09	
219	2.398833e+05	-3.37865e-11,	2.207724e-09	
220	2.511886e+05	-3.37859e-11,	2.311741e-09	
221	2.630268e+05	-3.37854e-11,	2.420662e-09	
222	2.754229e+05	-3.37850e-11,	2.534717e-09	
223	2.884032e+05	-3.37846e-11,	2.654148e-09	
224	3.019952e+05	-3.37842e-11,	2.779209e-09	
225	3.162278e+05	-3.37839e-11,	2.910165e-09	
226	3.311311e+05	-3.37836e-11,	3.047294e-09	
227	3.467369e+05	-3.37833e-11,	3.190887e-09	
228	3.630781e+05	-3.37830e-11,	3.341248e-09	

Index   frequency       v6#branch                       
--------------------------------------------------------------------------------
229	3.801894e+05	-3.37828e-11,	3.498697e-09	
230	3.981072e+05	-3.37826e-11,	3.663566e-09	
231	4.168694e+05	-3.37824e-11,	3.836207e-09	
232	4.365158e+05	-3.37823e-11,	4.016984e-09	
233	4.570882e+05	-3.37821e-11,	4.206283e-09	
234	4.786301e+05	-3.37820e-11,	4.404503e-09	
235	5.011872e+05	-3.37819e-11,	4.612066e-09	
236	5.248075e+05	-3.37818e-11,	4.829411e-09	
237	5.495409e+05	-3.37817e-11,	5.057001e-09	
238	5.754399e+05	-3.37816e-11,	5.295317e-09	
239	6.025596e+05	-3.37816e-11,	5.544865e-09	
240	6.309573e+05	-3.37815e-11,	5.806174e-09	
241	6.606934e+05	-3.37815e-11,	6.079799e-09	
242	6.918310e+05	-3.37814e-11,	6.366321e-09	
243	7.244360e+05	-3.37814e-11,	6.666346e-09	
244	7.585776e+05	-3.37814e-11,	6.980511e-09	
245	7.943282e+05	-3.37814e-11,	7.309483e-09	
246	8.317638e+05	-3.37814e-11,	7.653959e-09	
247	8.709636e+05	-3.37814e-11,	8.014670e-09	
248	9.120108e+05	-3.37815e-11,	8.392382e-09	
249	9.549926e+05	-3.37815e-11,	8.787895e-09	
250	1.000000e+06	-3.37815e-11,	9.202048e-09	
251	1.047129e+06	-3.37816e-11,	9.635720e-09	
252	1.096478e+06	-3.37817e-11,	1.008983e-08	
253	1.148154e+06	-3.37818e-11,	1.056534e-08	
254	1.202264e+06	-3.37819e-11,	1.106327e-08	
255	1.258925e+06	-3.37820e-11,	1.158466e-08	
256	1.318257e+06	-3.37821e-11,	1.213062e-08	
257	1.380384e+06	-3.37823e-11,	1.270231e-08	
258	1.445440e+06	-3.37824e-11,	1.330095e-08	
259	1.513561e+06	-3.37826e-11,	1.392780e-08	
260	1.584893e+06	-3.37828e-11,	1.458419e-08	
261	1.659587e+06	-3.37830e-11,	1.527152e-08	
262	1.737801e+06	-3.37833e-11,	1.599124e-08	
263	1.819701e+06	-3.37835e-11,	1.674488e-08	
264	1.905461e+06	-3.37838e-11,	1.753403e-08	
265	1.995262e+06	-3.37842e-11,	1.836038e-08	
266	2.089296e+06	-3.37845e-11,	1.922568e-08	
267	2.187762e+06	-3.37849e-11,	2.013175e-08	
268	2.290868e+06	-3.37854e-11,	2.108053e-08	
269	2.398833e+06	-3.37859e-11,	2.207402e-08	
270	2.511886e+06	-3.37864e-11,	2.311433e-08	
271	2.630268e+06	-3.37870e-11,	2.420368e-08	
272	2.754229e+06	-3.37876e-11,	2.534436e-08	
273	2.884032e+06	-3.37883e-11,	2.653880e-08	
274	3.019952e+06	-3.37891e-11,	2.778953e-08	
275	3.162278e+06	-3.37900e-11,	2.909921e-08	
276	3.311311e+06	-3.37909e-11,	3.047061e-08	
277	3.467369e+06	-3.37919e-11,	3.190664e-08	
278	3.630781e+06	-3.37930e-11,	3.341035e-08	
279	3.801894e+06	-3.37943e-11,	3.498493e-08	
280	3.981072e+06	-3.37956e-11,	3.663372e-08	
281	4.168694e+06	-3.37971e-11,	3.836021e-08	
282	4.365158e+06	-3.37987e-11,	4.016807e-08	
283	4.570882e+06	-3.38005e-11,	4.206113e-08	
284	4.786301e+06	-3.38025e-11,	4.404341e-08	
285	5.011872e+06	-3.38046e-11,	4.611911e-08	
286	5.248075e+06	-3.38070e-11,	4.829264e-08	

Index   frequency       v6#branch                       
--------------------------------------------------------------------------------
287	5.495409e+06	-3.38096e-11,	5.056860e-08	
288	5.754399e+06	-3.38124e-11,	5.295182e-08	
289	6.025596e+06	-3.38155e-11,	5.544736e-08	
290	6.309573e+06	-3.38189e-11,	5.806052e-08	
291	6.606934e+06	-3.38226e-11,	6.079682e-08	
292	6.918310e+06	-3.38267e-11,	6.366209e-08	
293	7.244360e+06	-3.38312e-11,	6.666239e-08	
294	7.585776e+06	-3.38361e-11,	6.980409e-08	
295	7.943282e+06	-3.38415e-11,	7.309385e-08	
296	8.317638e+06	-3.38474e-11,	7.653866e-08	
297	8.709636e+06	-3.38539e-11,	8.014582e-08	
298	9.120108e+06	-3.38610e-11,	8.392297e-08	
299	9.549926e+06	-3.38688e-11,	8.787814e-08	
300	1.000000e+07	-3.38773e-11,	9.201971e-08	
301	1.047129e+07	-3.38867e-11,	9.635646e-08	
302	1.096478e+07	-3.38970e-11,	1.008976e-07	
303	1.148154e+07	-3.39082e-11,	1.056528e-07	
304	1.202264e+07	-3.39206e-11,	1.106320e-07	
305	1.258925e+07	-3.39341e-11,	1.158459e-07	
306	1.318257e+07	-3.39490e-11,	1.213056e-07	
307	1.380384e+07	-3.39653e-11,	1.270225e-07	
308	1.445440e+07	-3.39831e-11,	1.330089e-07	
309	1.513561e+07	-3.40027e-11,	1.392775e-07	
310	1.584893e+07	-3.40242e-11,	1.458414e-07	
311	1.659587e+07	-3.40477e-11,	1.527147e-07	
312	1.737801e+07	-3.40735e-11,	1.599119e-07	
313	1.819701e+07	-3.41018e-11,	1.674483e-07	
314	1.905461e+07	-3.41329e-11,	1.753399e-07	
315	1.995262e+07	-3.41669e-11,	1.836034e-07	
316	2.089296e+07	-3.42043e-11,	1.922564e-07	
317	2.187762e+07	-3.42452e-11,	2.013172e-07	
318	2.290868e+07	-3.42901e-11,	2.108049e-07	
319	2.398833e+07	-3.43393e-11,	2.207399e-07	
320	2.511886e+07	-3.43933e-11,	2.311430e-07	
321	2.630268e+07	-3.44524e-11,	2.420365e-07	
322	2.754229e+07	-3.45174e-11,	2.534433e-07	
323	2.884032e+07	-3.45885e-11,	2.653877e-07	
324	3.019952e+07	-3.46666e-11,	2.778950e-07	
325	3.162278e+07	-3.47522e-11,	2.909918e-07	
326	3.311311e+07	-3.48461e-11,	3.047058e-07	
327	3.467369e+07	-3.49491e-11,	3.190662e-07	
328	3.630781e+07	-3.50620e-11,	3.341033e-07	
329	3.801894e+07	-3.51859e-11,	3.498491e-07	
330	3.981072e+07	-3.53217e-11,	3.663370e-07	
331	4.168694e+07	-3.54707e-11,	3.836019e-07	
332	4.365158e+07	-3.56341e-11,	4.016805e-07	
333	4.570882e+07	-3.58134e-11,	4.206111e-07	
334	4.786301e+07	-3.60101e-11,	4.404339e-07	
335	5.011872e+07	-3.62258e-11,	4.611909e-07	
336	5.248075e+07	-3.64624e-11,	4.829261e-07	
337	5.495409e+07	-3.67220e-11,	5.056857e-07	
338	5.754399e+07	-3.70069e-11,	5.295179e-07	
339	6.025596e+07	-3.73194e-11,	5.544733e-07	
340	6.309573e+07	-3.76623e-11,	5.806048e-07	
341	6.606934e+07	-3.80386e-11,	6.079679e-07	
342	6.918310e+07	-3.84516e-11,	6.366205e-07	
343	7.244360e+07	-3.89048e-11,	6.666235e-07	
344	7.585776e+07	-3.94023e-11,	6.980404e-07	

Index   frequency       v6#branch                       
--------------------------------------------------------------------------------
345	7.943282e+07	-3.99483e-11,	7.309380e-07	
346	8.317638e+07	-4.05478e-11,	7.653860e-07	
347	8.709636e+07	-4.12060e-11,	8.014575e-07	
348	9.120108e+07	-4.19288e-11,	8.392290e-07	
349	9.549926e+07	-4.27225e-11,	8.787805e-07	
350	1.000000e+08	-4.35944e-11,	9.201961e-07	
351	1.047129e+08	-4.45522e-11,	9.635635e-07	
352	1.096478e+08	-4.56045e-11,	1.008975e-06	
353	1.148154e+08	-4.67610e-11,	1.056526e-06	
354	1.202264e+08	-4.80321e-11,	1.106319e-06	
355	1.258925e+08	-4.94297e-11,	1.158458e-06	
356	1.318257e+08	-5.09665e-11,	1.213054e-06	
357	1.380384e+08	-5.26568e-11,	1.270223e-06	
358	1.445440e+08	-5.45166e-11,	1.330087e-06	
359	1.513561e+08	-5.65634e-11,	1.392772e-06	
360	1.584893e+08	-5.88167e-11,	1.458411e-06	
361	1.659587e+08	-6.12981e-11,	1.527143e-06	
362	1.737801e+08	-6.40317e-11,	1.599115e-06	
363	1.819701e+08	-6.70443e-11,	1.674478e-06	
364	1.905461e+08	-7.03655e-11,	1.753393e-06	
365	1.995262e+08	-7.40286e-11,	1.836028e-06	
366	2.089296e+08	-7.80706e-11,	1.922556e-06	
367	2.187762e+08	-8.25325e-11,	2.013163e-06	
368	2.290868e+08	-8.74605e-11,	2.108040e-06	
369	2.398833e+08	-9.29059e-11,	2.207388e-06	
370	2.511886e+08	-9.89261e-11,	2.311417e-06	
371	2.630268e+08	-1.05585e-10,	2.420350e-06	
372	2.754229e+08	-1.12955e-10,	2.534416e-06	
373	2.884032e+08	-1.21116e-10,	2.653858e-06	
374	3.019952e+08	-1.30158e-10,	2.778929e-06	
375	3.162278e+08	-1.40181e-10,	2.909894e-06	
376	3.311311e+08	-1.51297e-10,	3.047031e-06	
377	3.467369e+08	-1.63634e-10,	3.190631e-06	
378	3.630781e+08	-1.77330e-10,	3.340998e-06	
379	3.801894e+08	-1.92544e-10,	3.498451e-06	
380	3.981072e+08	-2.09451e-10,	3.663325e-06	
381	4.168694e+08	-2.28246e-10,	3.835968e-06	
382	4.365158e+08	-2.49149e-10,	4.016748e-06	
383	4.570882e+08	-2.72401e-10,	4.206047e-06	
384	4.786301e+08	-2.98275e-10,	4.404267e-06	
385	5.011872e+08	-3.27069e-10,	4.611828e-06	
386	5.248075e+08	-3.59117e-10,	4.829171e-06	
387	5.495409e+08	-3.94787e-10,	5.056756e-06	
388	5.754399e+08	-4.34487e-10,	5.295067e-06	
389	6.025596e+08	-4.78666e-10,	5.544608e-06	
390	6.309573e+08	-5.27820e-10,	5.805909e-06	
391	6.606934e+08	-5.82493e-10,	6.079525e-06	
392	6.918310e+08	-6.43283e-10,	6.366034e-06	
393	7.244360e+08	-7.10846e-10,	6.666046e-06	
394	7.585776e+08	-7.85900e-10,	6.980197e-06	
395	7.943282e+08	-8.69231e-10,	7.309152e-06	
396	8.317638e+08	-9.61699e-10,	7.653610e-06	
397	8.709636e+08	-1.06424e-09,	8.014302e-06	
398	9.120108e+08	-1.17788e-09,	8.391992e-06	
399	9.549926e+08	-1.30373e-09,	8.787481e-06	
400	1.000000e+09	-1.44301e-09,	9.201608e-06	
